100
1101100001100000011110001001011011101111100101000111010101111000011000000000000010101101110101101100110100100111010101011101001011101100111101100100101110101111100111010111001100010111001011011001100110101010000011010111111010110100001111000110110001100000111110010111010011111000100001001011100000000101110010001011000001111001000111110000101111110000110110001000001100100100110000000
0001011100011110101100110100000110010010101101011110111101010111000010111100111101011100001110000010110111110110010000001011011101101011010111000011011011100111100111111100110011100001101000010100111001101000111111010000110101111100000010000111010111000100100101110001000001011001111111000101110111111101001001100011011000101001011111101110011010011000101101011010010011000111011011000011010101010111101011001000100001100111010000110100100101111011000001010101111000100000011010111000101101101000100110001101011000101100001000011000111111110110000101000000101100100001111000100011011101000000000101100000111110010111101110110100011111111111000111011110101101011101001110110000110
10100110110010101100111000110110001101010001001010000100011011001000001111101010111001111001010110010000011011011110100010111010001001001110111100110011001110001101000110100010101100111110000101011100010110011111000000010011111010100111100000011110010001100010010110110101110100110000101111010111111111110110110011100101011011000100001001100100010011111101010110111010001011111101011001000100110000101010101101000101110000011000001000110101100111111000111100100000000111111011111111101100100100010011010111110000000011101001010110110011011100100101100111100111001101000111011100000111000000011100111000011000100100000101000000100100001
0001100110111010000001010011010010110010111011000101100001011010010011000110101001000011101011001100110111110001101101100101001101110101010100000010100010100011011010011000001111111100011011110101010111101100011101110010000101010011010000011100001101011100010001000000000010010001001101001001000000011110110000011101111010111000110000110001010110100010011101000101101010000001101011110001001001011110110111101011001001110010110111011111110111000010101000111111100010111101001010000111001001101001000011010000101101100111010111100
0011110001101001001011011111111111001011011101011101010101100001011010000000001110001001100111101011100111110110100000100100011100001010100111111000010001101101000011011001100100010011011010000010101000101001101011101110000101001110011000010011101111100101100010001100011101001000110110100001110001100010001101111011100111101010001010011100101000101010110000011110110110101100001111000011000111001101001110001101111000011001000011110100010100011110110001100110101011100001111001000110000111111000101000011010000001111001010010100101111010011110111011111110001001101100001101000101011111010101110110011011100111111000000100111111110100101011111011001101110010001111000010101011000010111101101110101011001111111101010011000001011011001001000100111010
01000111101011001000100010111100100110110100110100000101010100111110100100111100000000111111100000010
100111011100111101010101110110000010010101001
100101001101001001101101110101101110010100111110010100010100010100011001000010100000101010110111001101001010011111000111111000111010010101000010001011110011110100010110100101110100100101001
110110100011111001011000000001000100011110000110010101011100111110100100000111001100111001011011010011110010101011111110011110011111011111011100001110100111000011100111110000110101001111010000111000000001101101111111000001010000100011111010101011010010111001111111001011000100110110010000111110101111001110100010000011100111011011111111000110011010101101010001110101011011100
1100000100010000001000101010001100110110111110110101111110000101010100101011110101001001110101110010100000011000000100100110011100111011001010000111000000100100011110110001111010001000110111010101010100110000000101110001100000000011110000110011010001010110101010100110100101010101110011101111110001000111010010001000110110011010110011001110111110000001001011110110011011110110101000110100000101111000011101011010111000011100110010011010110111001101000111110000110001000000001001101110000100000100000011111110010110010111110011110100000000110011101101100010110001001001011010101110000000111010
110101100100001110011111011110101000101110101011010000010001100001100010001000100110100100010010101010101111011010101000011010110100011011110101111101010100000011011001000001101101101010110111100011100011011101010111110100000011011000010101110100010101100000001011101011100010101010100000011001101010000110110010110111111100011110000001111011001111010001111110001100101000011100101010111101011000010101100111011101
11010101101110111010111010110000100100001111000110011000110101101111101100000000000111000010100000111110101001001110011100000111011100000010010001001010011000111100101000010110011100001010111011000000100101110011001101011110000000010110101000100101111101000011110001000011101110001001011
101110011000101011111110010010111000101010111111100100000100001000111010111110011001011110010100010001000011100111010111110010100011010100010010110000000001011110001100010000001100110000001000101101011000100100011110100010110110011000000110101000010000011001100000000101010010010111110101011110000110000110100011101010110100011001101101111110000011001100111110011000101101001110001101010101100100001110011100000000101111111001010010001100110001101010010001000100110111110011100000101010001110011001011101000001011110110010100111111100010111100101101101011100111100100010001011010001001101010000111010001010110101000
100000011100001111001100101101000100100111101000111111101101010100100110110110010011011100111111010101100111011100011111001001111110000100110101101101110111101101011010100010000000001110011000010111001000011000100000000101100100000011100111101000000100110110011000011000111101011000010100101010011111001100110101001010110000100001100000101001000011000011011000010011001111011011101001111100010000101001001100011110110100001100001100010101100000010101000000101101001001001001010000010001101001001001101111100110111111001111001000000100111010010101101010001100111010101011110110000011101010101111100010110000011011010010110011001100100111110001111001111101100101110001101100110101110111101110111110111101101000001101111101100011001011101001111010000001001000100011011111011110
1110010110100110111101101001000100
110111010110110001000001111111111011000100110101111001010111110100011011101001011011101001101000001101110011001011110100110
0000101011100110110011001001100110000000010111000011110011000100101011110100000110111001011010100000100100011000000111110000010010101111100010000011111111111111000100111110111110000101100101001011001101101010010111110100110001010001100010111111000010101110110001111001101011000011011101100010110100000000110110111110001111100000001010100100000
10011100000000100001000111001100001100011101111001110011100100011000111000010000011100001110101100001010001010001011101011010010110000111110011100100111011010000110010001010110010100110011111011111100100000001010001010000100111001101010
11011110000110110010011010001000001111001001100000000101001111011011011101011010000100001100001000111000000011011110010000111111101100010111100011001110101001111100111100011011111011001011000001101110101001101010101001111001101101000010101000011110000001101001011001010
101011100011001010111001001101101101000110110001101111110100101011001010110110001111001001101110001
011001000001111011111000101100011111111101010000101001010100101001011111000110010111001001001110110101011111110011001001111010010011101101010111010100010010011000000000010110010110001111
101010111010111011110011001001111111010111001010101110010101001000001000110011010000000101101111010110101011000100101110001101011100001001110110000101001100101100101101101101110011100001111111001000011111100110001001101101101111100111001110111111011001010010101011111110010111001100110110101111001111101111000101000100100101110010110111010110110111100000000000101000111110010100001000111100000100001110010111011110111001011011000111100100000101010000011000110001001111100011011101100010110111110101101010111110000101001100101010011111111101001010110000110111011110101101011010011110100010101111010110001111100000010010111101011101001101110110001110100001101101101010110111011000111110110100111101000000111100011101101100000010110011001001001111111001010000111000101111110100
00101101101001001101000111000011110000110101001111101110001010101100011000000010001011101111111110101110101101011111001001111000110001000011010011100101101000101011001011011001000100010101100100111111101010001000111001110001010111110001010011011010101010001111000111001111110011010101100001011101000101011111000100000011011110000011110101000000001010010000000111000101110111010000100001001001010100101110000110100111101001101100110010111011100101111011000101100011100110101011111001100111100100110100110000000011100111010000011010111101101110100001011101110001010010000010111001000011010000100101011110111010011010010001000011001101011000110110101000011111101110001110010101000101010100110001010010111100000100000101110001011110011010111001000101100010010110001001111001110010111000011101001111000111100000001000000101001110000010110010011000100000001011110100000010
0101010010110000000010100010101111111100111010001000111011111000110000001100011001000100110001101100010100100001111111000011111101100100010001000001101000010101111011101110100010100101100110000011111010001000101101001101100010000000100001000001100000101010111010101001001100010100001111110111010010110010001100110001111110011101000100010011100111101010111110011111000110111001101101110111001011110011001110111010111101100000011010010010010001101011010010000
010000010111111100010111001111000011111001000111110110000001001100101010001110001110101101101001001111000001111110001010100000100101101100101111001110000001011111011010100101100100100100001100100110001110111100110110000100011101110000111110110100100011001011110101001100010001111010100000000101000011111101010011101111110101000010001010111011011111000000100111001100001011110011100011100011111010101110000110010011101110011011011100101110000000001101100101010100101111101011001010000010101010101001011111011011100111010001000110000000110110011011101111101111100
1110011010010111110010010100111100011100100101011100000000101001101001001010011111000111111000011001101110100100100101011010111111100001100100010010010000101101001001101101100001011110011010111011000101010100100111111010010101100011110011101001100111101100111101000100000101001110011100111100110111111101000011110111011110010010101101100110001101100101110000000111010010001100110000111100011010101001010111101101001100010000100011010011000000100000011001010011011111000001010101111111101001001011111011010011110111011001001010001110010010001110110000101101111111001000110111000110000100101001011011011110010101000110011010011010110000011100010001010011111001110010111011111111010101111010011000110000010101000110100001101100110101100001000111011110000100101010010101011110110100001111110011110110011000011010110100101110110101111100110010111111001110001111000000110000101010101101010
110011111001111100010111110011111011100111001010011010111111110010111110111100010001100001111001111010111010111000000111101111001110001000111010111010001101100100001101010011110110011001101000000010111101110000111010000110000001100001001110010011110011110101000110011110110100011101000010110011010101101010010111000001001100000110101000010001110011100010100100101011101011110011110110100010111011010010000111001001000101110000100001110011100011111101001001000011101111000000011110111001010101110001100000110111010010000101011101011100101110101011100110101011101000000011000001000101100101000001000110110101000101001111000000100110000110010001010100011001001011100001011101010010101100101011110000011001110011101000011010011111001001001011
10000000100000100110110110110000000010000110111010101011011110001100011101100100110100101011110000100110100110001001101111100110100010111101111101101101111011010010001010001001011000001010011101010000110001010000001011110010001110100000010110101010011011001001111010000100110100111111000100101110101011000001110101001110110111001000100010111000001010000111110111110110110001001000100101100001000110001000001100101100101101010110110000110101100111100011110100100111010110010011000110111111110011111001000011000110100101110010001000000000000010100000101001100100001011011111110110
001010110001111100001001001111111000001001101110011110001011100000011111011111001110111010000110011101100111100011111101100000010000110011010100111011111110101001100010011011101100001000010110001001101100110010101000110100101010100001110111011101011000101100000101101110010111111100011110111110110111111001110011111010100100110111111100010011011001000101100001100111110000101010110010000111010111001111001001100010010011001000011101000000100000101100101111001000010010001001001000101010101010101101001110101001110101110100111110110010011011110010100001110011001111001011111000101100010001011000000000000011100000110111000101100100011111011100100010100100011010010101001101011000010100100110011000111110111110110111001011000111001101101101110000101000010101100100101101111010010011011101111110101110110101101101001011111000111110111110110001001100110111111110111
001101100010100100010011100001101101011010010111001010001010101110111000111011101000001100100101111110000011001111011100100000110111111000101111011100011110011001000000111000001000010001001011010101010110101011010010001110111011010100011000000111100100100010010100001101011011010001000110110110100101110101010010000110010001010101011111001010111110010000101001101010010110111
0100010100110110000101100000010100100101101011100001000110101001110101100000011010110110001100011000101110101010011001001010101010101111101110001001110000100111101111011001110010011100010101010111010111100110001100110100001001010110001001011010011110011100001000001111000000100000010000101000101
01001110101111010000110101011100001010111001000110100100000001001010000100111000101111100100000011000000011100010111001010111100000101010100000101110001010101111100000000101010110011101000010101001110101101110100110110101001000110010101100001110001100011001000001001110000101001000000110010110110110001000110100001100100100000010101001011010000001011001101001111111011010010101010110101011100100001111111111001000101010011000111001010010100111110000000101100001100101011111000001001001101000100110101000101000110010101100101000001101101001000110000001110111000000011000001101111010101111110111101010010000010001111110011011110110100101010001010011101010100011110101001010111101011111111001000010110110111011011001011000111101111001000101000000110100100001101011010101000000100111000101100111001010110010110011100010000000100111011101101110
100000010110011110101100100001110100010110000010010111111101010011110010101011010110101111111110011000011011010110111100101010100110111000011101010011110001100111001110100010010000001110101000000000010010100000011010110010000111000101101011011010100110000010100001011111011010111011000100100000101011011001101011001011111111010010110110001100110101101011010000100110000111000011110000000111111001001100100110000000100110000111001000011101000110000001100100100000110001000010001001011111011111101011000101110110001001010101011101110111000100001001110010000001010101101100010111011011101000111010001111101111110000011111110110001001010010110110111000010110100001101100101110010000001000110000100100011011110111000100101001010111110100100111110111011010100100011010101011011101111110111010000001101011101011
11011111001000110001100000110001011000001100010111011110011010011101100111110111001111011000110111001110101100110111111110111101000000001001011101111110100010101111001011111001001000010001110111010011110001101010011000111110110110100101010110101100101101011101100010110001001001000100001000010110111011101100000000110010110100000011010111000100000111010000110001100001001110010011101111110011111001010100101011010000011001101110110000110110001000
10111100010111100110111010011001001100001101001101000001001001101110111011101000011000110011100110011001000010001110110101100110001100111101000111000000101101100100001110111101010100110000001101010001110111001110000000001001101001111000100011110101111101101101000000010111000101000011101011111101000010001000011011011011001011100100111111101100001010011100111010010000101101000000111011110111100001100000010011001010110110010000101000001111111011100001100101101100111000100010000010111000101
0000111001010000011010001000010111000101010010001110001010110100011010111111110000100101001111010011100010101011001010110000101100001110001000100000000011001000110000100100011101000101000010111001000010100001101111110101110001010111000101101010101100110010101011100010010101100111010111100101111101100000001101011010100111111111101011010110001011100010010111101111010011100010011100110111011101010001001110111000001001010010001010000011110100110110000110011100111101100001111101100010000111101010001011111100100000011101001111100111001000101100111000111100111101100011111100010111010101101100001011010100001010110000000011011110010110100000100111
1100011010111000111010010110011011101000000011000001010111000001000101001100000011101000011001101001011010101010011000111010010011001100010100110101111100100100111010101100000110010000101000110001110110111100010100100010111011001111011000010111101110011011100011011100011111111010010101110011011100011000100111100001010001111010100111111011111011001001111011100000101101110000010101110101011110001100001011011111010100001101110000101011111101101100000010101101010101011011
00111111101001000010001101100001010111111100000011101011011011111111110001110110100011111111110110111001101000100010000010101110001011001011010010110110000101010000110010011001110100100100011001011111001010111111010000010111101110011110001011000100001101000010010111010011011011001000110100010001111100100101111111111111011010001000011011001101110011001001110000001001010100110011001000111110101100001101001010011110010101011111110000000100110100010111101001101001011110111001101111001110010011011100110111100010100011110100111110001100011010100011000100100011000101110000111000011111000001010000001110010011001001010111100001111101011101111010101010111100000011101011000011001010110000110011110010101001101001010011010000011110100110001000111100111000111001111000011001111000010001100100011000011110000011110001000101110011000110010011001001001100101101110010110101010001111001010110001111010100001100110101100000101101011111001011101100101001111101010000001
1000110010011011011001010110010111011100000010110110110111000110001010011110001101111110010101010011110111011011110101010101111000011100011101001101011111100010011000101010000100111001100111001001101001011011111001000110001101010001001011011100110011101111010011111000001001001011100111101111011000000110000100111110011111001110001011111100101000111101010100001100010101110100001001000011000001011001010110111111111010000001100011100110001001010000011011011011000010000101010010000101000000101110100100010111010001111001010011010010110010111101001011101101110110011011110111110101011001000111101111011000110000000010101110101110101110100010111001000110111100000100111011001001111101111010010101011001
1100111110000110001110100011111101100101101010001101100110111010101000110101001011010010000001010100110001110111010000100100101100101100110100101011100110110111011001101010000111001101010101001001110000000010111011111010101000110001110100101001111100010101010011000111100001001101110000110110011111100111010011001100110101000110010000100011001111001100111011011000101001101000000100001110101011010111100111111011000011000110101100010011001110001000111110000110
011011101100100000010011101110101000
1011010010110011000111111101110010101001111
00100111010100011011110111111101100011000100111001011100001110010000111111100000000001101101100010111010011011100001011000100001111000001010000100001001100011001000000011111001100101000101111011110001000001110010101100000011111010000111001010001010010111001000011100111101110011100100101100111111101110101010000010011111100001000001101001111101001111011001111010011110011111000110011111001101101011011110011100010011100001111111101111110010000110101011011110010010011010000001110111011111000101001010010100111100111001010111010100010000010010111011100011100111101000110001110110100010000111100101001110010100101111111011110011101111001111011010111000010110010100001101001011101100000101111010000101000000001110010010100111100101110000101100111000100001001
001111011001011100000101011110100010000111110011011100100110011101011101011001101100010111101110000110010011001011101011010111000001011000011111101001011111000100000110010100111101101000100101100110001100110001110100001111100011000111111010010101101010000011001001011000010011001100001011000010110011111111100101001000011001001101001001001101011111010010010010001011011101010101100110000101001011111111011001111101111111101110100111001111001111101011011110110100110000000100010000110010111100100000001000111101101111100100101101100111110110001000000011100011101011100001000000010111001011001011111111000101011111010110100001011000000101100010111010101111011111101111000101101111000011000000110011001001101000110111010010010100000110111100
101001000010100101001011110011000101010011011111011010001001110000101101000101100010011101100111011001011100000110011111010110101110011101011011110000101101110100011101011111110100001100101000101111110100101100000001011101100111011111110011001000110001101011001001100111110010011001100110001101111001110011110010000010101111111000010001101100001011111010011101001011000000100011011101100110001000100110000010100100011000111010100000110011101011101010101111000000011111011111110000010100110111011101100111101000010101010010110100111000110110011101
1101010010111010010000101101010000110100011110110111001100110011000111000110000001010010111001001
101110100000011001100010011010000001000001110011010111001001010000001010001000010110110001000000010010110000010001100101001100100011110001001010110100001001011101101000010110110001011110100011010111101111111111011110001001100001111100010110101111011010000101101011001001010110011001110001110111011010001111110100010111001001100111101100101000101011110111011011100110000101001100111001010100110100110011011101111110100011011000101011001101110101100110101001000011101110011011010011110011010000110111110100110100001001100101000110110100000011011000000100100101100010111101110000111011010110111100110111111011101011100010011110001110100001110110111010100000010010010110000001000010110101101011010001010101001010000110000010110111110001011000111100010011010100000011110111100011011011001000111001101001010001010100001101001111000110010011110101101101111111111110111010001110101001001010101101110001011001010101111110100011011101010001000000111001110101000000010110010110000100001001001110
100000101110110011010101110111010000000111000110110111101101110000101111111011001011111111100001101111010101010111111010001101000101001110000010111101101110011000101110010011100110
1110000000111010110010110110001001001110110011111100011100111111000101000101000100101111001111100010111101000011101000011011010011000100001010000100110110111011010011001110001000100010110001110111100100000000000001110011010011000001100101001000011111011011011111101000011110010011010100110001101100110111110010001111111010100101010001000101111001111000010111100111110100011110110111011101010101000101100111101110101001000011101101110110010011110000000010101001100010000010110010101010110010101111111011110000001001100110110011000011010111111010001010001111111110110101111111100011101010001010001000100011101101100011110111111110011011000001011111110101000110001001010101101001001111010001011000011011000101110101110110001010100101110010110101110110010101100100000111101101000100010001110001110100000100001110110111101111011110110001111100010111101101000100100111101001101111001010000000001110100001111010101100101111100000111111101110111110111010100100111101110010001001001101101001011011110
101110110110001110110110010000001011000111111101100100101110010101110000011110101101001110111001001011111010101101100000011111110101111100100100001111011001100010111011111010000100100011001000111101101011111110111010010110101010011101010100111111110011000111010011010011001011100100111010011100100111110011110110000011111110111111111101011000011101011100110101110100110011001001000101110000001100110100010101011111011110111110010001100010000100001111010010010000011010110110101100001
001110101010010011011100010010001010000110100001010001011110100110110011010000010010100101110011111101100111111101001010011001100001001010110111000110000110000010100010111100001000100011000000111011101001110100111100010000000011000111
00001011111011101100010000100110001111101000000111100111110001001111001101001110001100111110110100000001011110011111011110001000010011111001000111110101111000110110000010100110101110111110111100100110111101010010101110111100000010101011101100011001001111111110000111100111110100101100111110011001001011001110010010001111000100011101111110110111101111001011001010001000000000110011000001011001
10000010010001000100001100110110010110011101011011101100001101001001010101101010001011100101001000011110000011101011010011001101001001100000010110001011001110110101101011010011101110010010011101100110100010010011100000100000111101000010111001101111100010111110011011
11110110100100001010010001110001110111111000110010010101111001110010011110011100000110111000011111000000011010110111111111010000101000000010100001000101011010100110100111000011111010010100010011100001010111010010011010100011010101100100000100001011111111100110011100100100011011000001101001001000001111111011101100110011000000000110111001111110000001000100001001110011111001000110000001000010111110001110001100000001111100011001001100111010100010110100001010110001011001010111010001000001100000110110111100111001111100000011010110010010001010100000100111110110101001001001000010001000101110100001001010100101111011110011110011101101000111001010111011110000001101110011001011100011000010111001001000001010011110010101110111100011000100110001110101000111111001100000010101100101000011010100110101110011100101111101100000110001110010010111110000010110010010111011111011101100101111100001111100101000001101010000110100111000001
0101000111011101100101101110101011110111111111111100000000100110110011011010111110001010010011101010011100011000111001010110010011100100100
1000110011000100111101111000001010010100100100001011110111100000100100011110110100100101000101001000101001001001011110000101111001101
011011111010111110011011001101000000010110011001110110001001111101111100101100001111110101110011001001011011101101101101001101111001111000000001111001011001011101110100000011110000101110110100111111011011100001011000111010000001100011001011101110111100101111000010010100110101100000101000100110001100000100110111001011010001110000100010000001010100001100101010110000111001110000101110001011110011111100100100110000110101001110000000011000010111100100010111110111101001100011101111001010001111111001011110000000011010001101000001010011101010011111100010011111111001001111001000110111110111100101010111101010100001001011000110011001010111011001100110110111100011101110101011011010011110001011001010101011110110110111010111000000011110110011100001001111010101001010000110011010101100001010001
11000010100100011011100111110100111111100010000011001100010001110110110000011000101010011000111101000101111000011011101011010111011101001010100101100
0010010010010101111111011011110001101110000110000100111111100001100100111001000101010011100101111001011110011
1010110111100001010001101010010001101001111000011010110100010010010110100111011010101010100001100100111001000110011101100110101001000011001101110111111111011001001010000100001110100001100101110101110011111110010010011001011011011001010010101011100010000010000001011000011010100101010101100100010000000111101001010011101001010110010010111101101101001011000011101010101010110011110010110001101011011010001010110011111011110010101101010001000011011001001111111010000111110000011010111110000100011001110001010110000000001100010001110001000111001100000100110001010101110111011110110010111000110011011001100101011101010011011111010100000010100000111111101011010010000010001100110001001101011001100100011100010010011010000111110110100101010000100110001011011111110000100011001011100110101000000001000111111111011000101000100010101011010111000000011011000011111001000001111100000110100000101100111011000100100101100011111011000110111110011101001000001111011111011101000111010101101000
010110110100000010010101001011011100000
010011110110010010111001001110110110001111110000101000101001111011011111110110110001001111111000101101110100001001000010010111001111101001010010001101001001110011101100100101110101110011001000011111111011110100010110100000010111101100110000001111011111010111010101000111011011000010111100000001111110001101110001101111001111010101100101110000000001110110011101011011111111000000010101010110010111001
0010010010000010111011011011110001101101100001000100000100011110111011001100110101100111100000000000011011001111011000101101100111001000110011011001100011011111110001111011011101011011110111111011100100101001000111111011010101000100001101011000101101111011110000000011100101010010010011100111100010000001011000111011111010001100101101001010000001001010011001101011111000100001000101111110101101111110011010110011001101100101011110100001001110001011000111101010110110011110011010111000010111110101010111101001000000111100011010000000110100100000010010011010110110100010101011000111111110100010100001011001110011111000100001100011011001110001101100100001110000000010
000010011110111110111011001001111110011001010011010000001010010001111101011111110011011000010111000110101000001001001110010011100001001100101111110001011011110010101011100111101110101010101100000111101100000100011000111111011100101100000010000110000111101000010010101011000001010011001101000011010101110000100100100111101001001010011101001110101110011010011111100101111111101101000000110110011111010011001100111111100101000100111011101000001101101011101011000110001110100011001000110011100001001110010100000011010010011100100101111010000011001111101010110100011011010011011100101011010101111111001010100101100001010000100011110011100000010110001101111110000100011010101011110110000101011101100001111100001001100011110111001110000101111110001100001011101001010000001100001100100110101000100100011111111010000010110010101111111101110000111110001011100010001100101110000100110111110010010000000011011000101011111101000100011000100001000111010001011001101110101111111101110100010
0101010010010101000010010110011101100100010101011010110110010000101011110001110101010110000010000101111011101101001001000101101101111000111010101100110100110101111101100111010001001100110011110000101101110010001101001001000001110010000111000111010000100101000000110010001100000110111100000100000111011010110001100101011001111100001011111110000001001101111110100011110011101000110110111000010011010001111110110110110001010011101000001011101010110001000010001011110101011110011101110100001000100001010101000000111011110100001000111001000101001111110111110110011010010011100000111000001011001100011001011110001001101000101111101010100111010111111100111101010001010001001101110011010000101110000111
101111100011111111111100101010010110101101011110001000011100101011010100101011101001111001101001010011110110001000110001011011000011110001001110010101011011111110111010000101111110101000011010111010100000001111110111110100100101100000100110000011001001110001111001011101011000111110010001001100111110110010100011000100010010111100101111100010010110001000001011001111101110111001000010101000111010011001100001011011010100101011101010011101110000110110110001000101100000100100000001101010011101010000011101100101010000010110011111100110110101001100100101001100010100110101
1111111001101101001010110110010001111111101011010110101010010110000110010010110001110111111000001000001000001111000101001110010111100111010010010111001010111111
110001110001010000010011111101111000111000100011110010110001111101101011100110111000110001010100010000101111011111110100100011110100110000100010111100100010110
111010000001000011000010101111101101110101101000011100101010001111111110101101010010100101001101011001000011011101011001010111110000000010010010101011100101000000111101001010110010100101010011000110101000110100001100100001110010101001000010000111001001001111101110000110000010111100100001100000100111000110101000101100100001111101011010111111101100101100110101001100001111010111100110011101001
110001101100001010001010101011110010110110111111001010100101111001011100111101100101111111101110010011100011111001100010010101110000001111001101100010001111000010110001110110111111111000100001100011010001110111111001101111100110110111000010011101010111101110110000110001110101111100111010100111011001010111100011011111101100000101000010101010011011110011111011000111101010010111101100100000100011000011111010101100000111011001001100101010111011100000010000010011110101101110111000000010100111010111010001111011110011000001111111110001010001111001011001101011001010011111101111000101001100010010101011101011100001000010010010001100100011110010011110101101111100010111101001011101101001100001100011011101111100011111001011101101000011000101111011
000111011001110000011100001010101011111001000011010100001101011001100110011100110010100100111011101100101101101110101100011101101000001110101101010001001001011100011111000011100011111000010001100011010111101110010000101110001100111011001111010010101011100011001001010011111100100110110010101010111110010101100101011101101101110010110011111111011011111011100010111111000011111011011000001111101000000101000110000011010010101101000111110010100111110101001010101101011111110010011110010110101001010000001000010001010111100001110111111000111000111001110000000100111010000001000000100000111001100100111011001010110110111000111000101110011000001011010110011010101101101100110000101010101001100101111000011001000110011101001010100011011001101110001010000011000
11010101101001100010011100100110100100011011110010110110000100001010001110011100000000011110010100011100100011111101011110010110000000110101100101011111100110100010101001010011001010
1111111100111011110000011110110101100101011100010010111000011000011100101011001110100100011001101100100010111000101101010011101010001011111001100001100011111111001011011100010000000000111100101010001100111101010001000101110101010100011000110010011000100000110001110010011000110101100111100101111110001000110010010101101001011110111000000101000101111000110101011010101001010001110000101110001110011111101001100001101011010100011110001011101001000000100011110000010000110011000101010010001001100111001110010100100010100010111011010011100001111101010101010010001001110110100011001011110001010100000001010010000100001001001110111100111111000010011111100001111001010111001011100110111110101000011011011111000001011100111011000110011100000000100110111110010011010111
11101110110100010110101110010011100011110011011110010111000100000110000111011000010110110111100010011010100010101110011011101001010111001011101101000110001000010011001111111110110000001000101001110000011110010001100011000000000010000110011111011011001111101101001101101111111000100110011111010101110010101010110110011110000101000101000110010101100010001100100011010111000000011111101011000111110101110110010000010010000101110101100001010101000110011100100010101001110100101010111101110011101110100000111110110100111011111000010101001010000110110011011010011001001001100001101010001111010111011101001000000000001010010111010000001101110000111000000100
010100000101101000110011100011100101000001001010000000010100011100000001011101000111101101011100111101100100010001110100100110010011100101011000000100111110100001011001100100000000001101100000011111001111000001101100110010100101011101000100110000101101010011001110010110001010010010111101011001000111010100111001000111111010011000001001011
110100110010110011101111100010100100110101111101100010111010110100011101001111010111111100000010101011111100101100011100010011111111100100101011011110110110000101110111111010101000011011011010100011011010111000101111011011100011011011101011011001111111110111101111110101011101000100111011110011010010110000100110010011110011110100010111010101011101010010111010010110111010110000111100110111101011100001001011111010001001110011000001000110001010101001001110100111000000001011110100110100010100101111001000110100110011001100001010010111101011110111011110100111111101010101010101010101101100101100100011011010110001000110000100010111000010010111111100100011001100110101010101001101101001101110001111100010000011000001000010110011111000001001110000101000000111000001101110011110110001101001101011101001000011110011001000111100011001010011011111111101100101001110010101010101111000100111011110100000110101011001110001000011001011
0101010011011010111101111101000010011101011100000101011000111100010110110000111101110011000011110000011010101011000111001010101100000010000000001011111100001111110010011011101010001010110110111010110110001001101110011010101000011011010101110000000101110001011000010101101000101110010010110000100100001100110010011010100111101001110011111111
1100111110100110100000000000110011000001011100111101000101000011100011110110110010101110101110110011101110001101100011111000100100100110001011000101010101001000110000101010000100010100111110011000010001111001010101111010100111111011011100110010001011011001110010110010000001110010
1011011101001010000110101100011110011101101001110101000101101100111101000000111111101001110011011000001111101001011110000100111011011011111111101000101000101011000101100111000110101101101000101001011000001011111011000001110110100100101100010100101101010011011010110111000110010010001010100010000001011110001100000001100000100010110011010000001110010100100010000010100001001101010100011111101000101100011101101111111000000100011110001111011110010000110000000110100011011111111110011010111001111010101111111000101010010111111011100011010001101111100011110110011000111010011000001111001100001001110111111011010010011110001111110100000000110000110000111111110100111000111111111100000001110011001000100001001101110110110001111101110110010110101011000110001000011001000001010111111010010111100011110001011000011000100011000111001011011101011111010001000000101110101011101000100101000010000111011000011100000100010
00111000110001001111111010010110001010011100100100011100100000101001010111010001000100111110011000101001111111010101001101001000000111100100010010110001011001101001101
11000011110110011100000110010010101011110101000100111000100000000110100000111100101111001100111100000001101111101100100000100011101011111011001001001111101101010111011000111010011111001010111111100001101011101001100101
10101111000001010100101100101000010101000100101000011100001100110111100101001101010101001001001111011010001101101001111100001010100111111101011111101001010111010100011111011001110001111110011010101100000101011000111011011010000100110111111110001000110010110111101011111111000001111110111100101101011110001010100111011101010
000101011001010111000000110001001111100101000101010011011000111100110011010010101010010011110101110000110001000110101100001010100101110110111000100011001011000100010101100111001010100100000000101001110100000101011000101110100100001011111110100000001101101100000110110101100100011100110011101101100101110111011010011100000000111010010010111110000100111010001000000011101101011101010111110101000011001000010110011100111100111001111100110000111100000000100101010111100111010101111000101111100010110101110000101011111101000110010110100101010001101001101110001100011001111011001011110010101010001101110001010000100000100000110110000110010011110000111011011110000111111000010011110011010100100011001110001000010010110011011011100010011010011010000001111010010111101011000011001010111001011111101101111110101000110111111011000011011101000110101000111110001001011111011110100100011000000110001011000110101101010010010101011010111011011000111000
11000000111010101111100110010010111100101010011010010101111110001011101000011011000010011100101100001111101011001100111111111011111110100010100100001101000000001100101100001111001110000010110111000111010011110110011000110100010001111100010001000111011010010011111110000000101000000111101101100110101000000000010001100111010110001101101110010011111000001111011111111111000001010000100000101101000011110010000000110011100100011111000011000001110001110011101110011110001010110000110011100000101010010000000111010000011001011000110011100101010100000010101010101111100111
11011011001011101111100010101000001110100001101000011111111110110000010010010100111111100110000001111001011111111101100001010100000110011101100011100
01000100011010100100010010000111001000001110100000100110010010010101001010101001110110010000110011101101111001001110100111101100001110000010111010011110010001011001100011011000100001000001011101001001110100011111101100101100100101000010111001000000110001001111101101101001111001001011110110011101010110111011111110011000000101001111011101110011110100001001101101010001111111000001100101100110001000100100000100011101011011000011110111011110101101010010010000111010011110000110111110110111100100010111110110001000100001110101100100101010110110011000011111110100101100110001010100001011011111010101101010111011001110111001110010000000100011110100010110101110110100010011001011010000111100010110111111110111001110010101111110100100111110001101101111000011100000110001100101110100101110101011110010100111101110100100010010111000101000110010110100011001101001000001101101101001111111100101111111001111110100101100001011110001110111110011000101111110110000110001111001000101011101010000001
0010111000010100100110100101110110111000110010111110011100110010010011110110100011100110011000101101100101111101010011100110110110100000100101101111001001101011011111010011110010011100010100101000000110000001100101000001101001001010001001001100001101111010010100101101001000010000000100101010000110001110111100001100010110010111001110011111001000001101101010001001101100001111110001000100101111110001111110001101000100110101010100011001111100111101000100011100001100100111110100
00000101011000001101000110110011111101000100000101101001101011001110010010000101111010110011100101010011000101000110100111011011001100110111010011011100111110111000011100110100101010111001010001100100000010101010110011111001110010011000001010111101110001101101011011010011100000000000101111001011100110011000111101000110001001100101101010101110101100101101110100111111110011110111111100001101101111100101100110101
100011110010101101000001110010101111111001111000000110111101010101111110100011000000011100001101000011010100000100001010101100001010010010011110100101000100110011110100110110101110110001001110001111111101011011001101011011000011001111101010110111000000011010110111100011011100111001001100100101101100010111110110100101111000110001000100101001011000010101011001111111010001101011100001011101010101000000000011001011100101
1001001110100000011010010111001001001110101010000010000110001010011011010111100111100010101001001111001111000100010100100010010000101010101010000011100101110101010111011110000101000011001001101101001100011011010001000100010010111101000111011001001101000000100000110001000110000111001110010001100101010101011000011100001001111110100111111001101000011011001001011100000101100100001111011000101110011110000000001011111011000100001110100000101110000100001110101010100000111010110010110011110000010011000011110001011110000000100101100010000101000110010110000111010011001101000100100011001011011000001001000001000111111100110001110001110010110111110001001111100001010010001101111010000001100111001
0010011010011010000100010111111001001011000000011101000110010011101000011110000000110011011000111110011101110000111011110000000001011101110101110001111110010100110000110111101101101110010111011001101000100011010110000111010110000010110100000100011010011011101001001001100110010100100010000011111100011111110001100001100001011110011101100110001110010111011100010110110010101111001001011100101100001101000011010110100110011111101111010010010100011000101100001100111001110010100011010001001110100011001001110000100011001111011001001000100010010100111110111011110101010011000111101001111101010110100100001111000001010100011101101110100010101001100100110101001010010101100000100010111101100000010110010111010000010111110110101111010111111010101
000111001000010111111101110100110110011110001000000001000010101111100010010111110111111000100011111111001110110011111100000110000000000011011000000010111100011101000111011000110101111001101101011001000001011101011010110111101101101111110011011001001111010011111000101111010
1001110001010011110000110010101001001110011111110100100111011001010010100000100111010110111100000110011001101110001001011101010110010001001110111100001001110101001101000111000010000100101111011100010000100001001011101000011011011011111101001000111111000111111101110111100100000010000011101011011011000011100011011011100100101011000111111101100101010111111110111010000111011100001110100101000111101011001000110011001111001001010011110011111010111001110101111100001111111101001101010011010101000101100001100111000101110011010100011000011111101000001010011101111000011100110000111110010110000100001010111111100000100000100010000110011110001001000010101011110010110000
101110001110001101110010000001111100011001100111101001010110011110110001100011011101111011111001001100111100
11111010011000100110101111100111101000000101010010001100111100101001101101001010101110000011111011100101011101111000001101111011000011101100101000000110110101111110001000001101011010000110100111001001101000001001100011100100001000110011010011110011110100010110000011100001001111000111111101110010010110111100110011010001101
100110001111011110000000111010101110110001100001110000111010111000101011010110010001001011000010110011111100011100010110001101000011101101101001011000001100001010000010111010011010001011011101000001111110101111001011110100100100110011000111110000101010010110100110101101000100001000101111010001010110001000001111011011111000001111010011100000010110000100101101010000100110101001001111001010010000010010001111011100101011000000001100
00010100100011111010101000101110000001100001101101100100101011110011010110001010010111000001110100011100100010100000000010001100111111100111011000010100010100111010101101010101111101000000011000110011110001100110110100010111010000001110000100101011100100100011110010001001110100101010001100000111011010110110110111010010101
00010011111001110000111111110010111101010111000100000010011100011100110000110110011001011111010000
0000101101111110111000011001111111011100000000011000011010000110101110101101001110001111110110111000010100010111000000011001010110111100101010011011010011110111110111001000110001110100110100001110000011010000110011101000111010000110111100110100011110011001011001001100110000100110010011010011100010011110011000100100001100011110101001101101110111100100110101011101110110001000010010111100110110101101010111010010100111011011010110001010001001100001100110011010001101111011110111100110001111111100111111001111100010010011001110111101101001100001001000001001110100110100011110010110010111101110010111111001110101000011011110010110000010111000100111111110001101000100111011011110101111101000000111000111011111001001100101010000111101011100011000111010111011
01100111111010001101110010010100010001110001000
