100
00010101011010110111011101010001010010101110001010111110111000010010110111111101011001110111101100000110001110110010011111110010110001111000110100000000111011101010011001100100100100010011000010011011100111011000111100111011000101000110010010100010000101000000011101000001100011001011011000010001001110011010001101000001110011011111011011010111110000111100110010110111010100011111001011110001101011010011111010001111000111111101010111110111010001000110101010011011111010011110100011100000111000011111011110010101011010000101110100111001000111100001110110111
0010001101111100001101100001011110011010001011101110000010110011000001001001010000011100011111110010001111000111101111010011000010010000110000001111000010001010101000101000100111101010110111111100110000011100000101110111000000110101010010101010010010001100100010101001110111100000001011100001000111001001011100100110101111110011101001011101001010101001010100110000000011101000001110001111100110011110110000000101000010101000110010011111000011100001001111000110111110101001100111010100001001100011101001101111100110110100000011011100011011110011111101001010010011010001111010001111111111111101000011111001000110000000111000101100111110011111000111100010111111010011101010011000111100101101101110111001100110110111011111111000001010010100100011001010000110111010101001010010010110110100100010100100100100000001110101011011001000001001001110101101000011111110110101010001001101000011101
1111010100101101101111110000001101101110110100110000110011100000111001001101111001010010110110000001000110011100111111011110000100010001111010111011100011101101001111111110110001111110101100101011000111010110001001110111000100111000111100000001111100001000110100111010000001110100000101101010111011111010000000000000011010111101111011000001100110001111011100101110111100001100011110111010010101011001101111101001000000111010011011101101110000000010111101111000010100101100001000001001111101110011100010111100111101100101010001100001011111001010110001011101111110011100001110101010101101110100000101010011011100111101001000101001000101000000011001100111001000010110111001110111101100010010000110010
0100010110101010011001110001111010110110000100100110100000101100110100101111010111011000010000100101111110100100111101101011010011010011101111000010001010010100101000111001110111100101000100111110011011111100011010000011000111010110000010101110100110100111001011011010100010011010110001000001101011011110001111001010101011101000110110000011011100010001110100110110000100101101100010001111101101000100111000001111000101101110111101011111101100000001000110111011100001100010101000111011001100001101111000010011010011011010000100110101000110000101101011100010011110101001000001101010101110011010000000011110000100100001000011000111110100011001100001111000111011101101000110010111010001100001011011001101011100100000110011000000110001000001010111111111111100111011101100010000110100000000101111111111011011111111111111011011111001101010010111001110101000010001010011000010011001011110101110100101010110010000000010011001101110
00001000000100001100100011001001000110011100000100101100100001101111110111001010110110100100110001101001110000101010111000001110110000110111100100100111000101000010001000010110101100001111010100111110111100000010011101111000101101111000111110010111001010011000111110101011001110000110100010100110110100010010000110010001001010011111010101001000010101110111000110001010111110000100111111011010001010101101011011101000001010001100111101110100001111011000011100000111010100111000101111001000000100001111100111101110110110
1000001100011100100101011000110110111001110011110000000010011010100111110011101111101110100100001010010110111011010110010010001110101011000111001001010010110000111100100000111010101110110101101010010011001001001110101000111010100101000110010110010011010000011000111111100110001010011011001000001100010000001101101010110101100101010001000011001010001110100111010110100100000101001110011000000011
111011111110000111100011011100100110110101111010110101011001010000001011110100011010111101010111100011111010001101111110010100110001101001101010101111001001110100100011001101101100001001
0000100110111010010001110000101010011011000000011
110000011000101010011101
1111010011011100110001111100110111000001000010110010110110111010000111110000000100111000001100010001110101011010001101110101111010100101000001010111000110100010001100100111001101101010111010111001011001000111111111011010011110011110011000100010111101010011110011110010010110101011011101001101111111111110101011011111110001000111011001111101010110110010100111001001000111100001111010011000110011100110011010011000100110001000100101011100111100010111101100000111000001001000100101000010000001110111100110110011011001110111101011101010110000001101011000100000000011100101010100011100101010110011111100100100000110011110000001110100101000110011011001001010001101110010011101100101110111110010100010011100101000110101101001101110011011001011000100110010110011110100011100010011100110010110110000001101001011000100000101111011100110010011010111110000010000001101
1000010111001001100111011011100101110000001110010111001101100101010111110000110
1111100011010001100110110101011010011011000001010101101011011000000000001011
1001101011000100010011101001101110010101100010001101111110111010111000001001100001111101101111100100000001010110111001011010111001000001101000100110111000110101011011100111111101001100111001111110001001001110011110100010011001100100010001100010111111111011001100100000100001101110110001100001011000001000010000101100001100000001011010110101001111010100110001011110011001010100100110001111000001001001011011111010101001011001100000000100110000001110010101011001011110101011000101110001110010111101001111111110110001000101001001001000010
1110110111110011111110100101001101110110001101011011000100101001010111001100000111100110100101100101001001000000000010111011110011101000010010110100000111011001110010000100100010111101101110000011010110001000001110101111101000010100001001110101101111001010110111100100000010100010111101011100001101101011010010100001001010100101111100110001110101100100011100101001011100110001110100110001011110001101000100000101110100110011111000110110000101011101000000111100100000110100011110010011001011000011001011011010101111110111001011000010101101001110100001100010110101001101111011100010101010101101101010011011111110110010000111001101001010100011010011101110010110101001100011000010100010100110110100111101000000100001010010101111110100111000100101001010011110001001111110101110100001001110011111101110011001010011000100110110110100000111001001001000010001010100100101010000000001110010010000000011110110100100001100100000110110110001
0111101100111001111101001011010001101000101000110111001000010111000111111111101101001011001111100111001000000101000001110011011010011011011110100100111000000101011001001001100100111100111111110111111000111001110110101100101100000001101101001100101001001000011011001011111100101101000011100000001011000010101010111011100010110110001100111000011011011110100001110001010100011001011000101010001010000001010100000010111011100101101010100111011111100101000110001110001010101110001001100101000011000100101001110011000001101100000000000011001001000000101010111010010100011110010000001011111010001110000010001011111000110011101010000011001000110001010000110111001001110101110000001111011111101010101101001111010110110110100010010011110111011110000110011100011010000110000110001011010101100011110010100011100111100
1000111011001000110101101110111101111000110101110111010011010010111010110100000001110001110000110101111000110100001111100000001101001101000001001110001101011010110000110001100001001011001101101101000111001110100011000101110011010011010010101101101001001011110010000000111010111111011110110001001100001100000000000001010100111110110100101010011101001101111101100110100110100111010000011011111000111001000010100001111010101011000000000
01110001101100100111001111010001010011100000111101000110111100000000101011101001101101011111101000111111110100010010100110001001001000101101110011101010010100010011001101011001111101101011000101101
000100101000110100000100001110110110011111010111000001110000111011000001110000010110001111010101000011111101000011011110000111110110001000000101011111001111100001001011101101111111101010010110000100000000011110000011000011111011100000110011101111110000101000100111111101011110111001001001111111001010110100011011111100001100111100111111010101011111000010100000111
011111001001111100101100100100001001111101100111010011101111001011101000111100100001011101011001100100011001010000010110100100000110111010000001011101100100101000001010100011101000101011001010111111000010001101011111101101110010010011101000101100001111011001110100001110110000000011101000100100000011011111010111000000101100110001000101111100110111
000111000011010011000110001100100111001100100011111110110000011010000111000111111011011100010001011000100101011010010000000001100011001110001100000100000000100001011010001000110001000100010100110111010111110011111000011111010110111111011111111110010000010001011101000101011010000000001000100000100100100001111001001011100110100001100111110101110011001010011000101101100011110011110010111101010111111001001000001000110001000100100111101111111100010001010011000100010111000000111111101100010001001101011001110011111011011110011010101111000110000001101110011011000101010111110101111011011001000111011000000000010001101001110100111101001110111000010011101110001100100101101111001101001111100101101101110110010111001001100110010001100
11111001010110111000000110110000000010111101010101110101100010110111001100101011111100100000000100010101000010011000010100110011010110111110000000010111101110110110010011000011010010110010100011001100001001100111000111100100001101111100000011111000010010101011011110010011011000000010100111110010001001000111000101001101110010101010000010111110100000101011110111001001010010100100110111100111001110111100000100011110111
101101101010000110101001101111011110110111111101001001111111100100001011001110010000100010000000011111001000100110000000010001010100110100111110110100000110011010000011111110010011100011000100000101010010101001100011011101110010110101010011100011100100000110011111100001000010001111001001001100011110001010001110001101010000111101011111010110110101010000001111110101111101011000110000110101101000010111111111110110011111001001000100001001111010110111000101110100110001010101011101010000010000100000011011001011010101001001010111011000111110010010001110110011100000111101011011110011100101111001111111010010011011101010111111100100001111001010000010010000101100111010011001111010101110101001000010000010000101110010000100000010001010011010101101101100111111101110011001110011010001110
110110101000011111011100000100110101100001001010101110011011101000101110110101110000100101101110100010010110011111110101111110101001110010010110110100000011110110001100101000010101001101001111001001010100000101110001111100011100100010000011110101000001111000110001000010110100001001010010110010110001100000110000001100111001100000010000000100110100110101001010011110110001001011101010010111101111000100101000110111011101001011110010001101000111101110010000010000100111100010010011100111000101010001101001101100000100011001010111101110011110100001111
1010001010100000110111100010110110111011011000001011111011011011110000010000010011101111011001000010100101011010000101101111110110110100100100000110111001100110101001001010001110000110110010000010100110010010100111111011111101110010101001001101010101011000101111101111101100100001111100100001001110111100101100111011101011101011010110111100100111110111010011110100010110000001101110110010111000011100010010101010010001101101011111000101001001110101000111011111000001001000011110001101001111001011010101111011000100110010000110
1110111010100010000110111000011101100010110111111111011110001111001001101011011010010010111010001011110110001100011100010000100000000110010111110011100101011000100000011111101101100110101100000100
1111010110100111010000111100111000011111110101001111100101111010111100011100011101001100000010100110001101100111101101001110100110000010101110111001000101000110110110101110110000000110000001111001001011101101100110001011101101010110010111111100101111101100011001101110111101110101011010011010011001101000111100100010011011001000011011101100001011011010010100110011001110111000101010001000010111010110101110110000101111011001101001100001101000
101101100101101011011000011110000111000101101000011011000011010111011011001000111100011110000110101101000011110111110111100011001101101010010000110110100001110000001010011101001000001100000110110101000101110101110110001101000100001011011111111011111110111101011001000010100010001010010101011000000110101100111010001000000110000000101110001101101010101010001010110010010100010011000111001110001001100000100100000111110001010010010001000010010100001100001100001101101000111011011110000000010100100110000010100000000001101010001101011100100010101011000101111010000000100110011001110111111011100110001110101111000000010011001110001001010000110100011001011111101010110111010101110000001011111100101110111011001000100100000110111110110011001111101100101011010010001100001
0111110000110110010110000110110110011101010110010000010110010000101000100001101010111000010011100101101110011000000111100101111100010001110011111110000011010101010101100110010010000001111000000011001110010101001111000001100001010100100111001010110110100101000111001111100001110011110101101001011011000111110111111100111101001010000101011010001001100110110000000011010101010111001001011011001111101010101001010010100110110110001010110001101111110001101000011011110000110001010110011010111010011110111010110011011010101100100011011111111100011110111010010111100000101000001101111001000011001010110011100010110101111101101001101000100111001100001100111010110001101011111100000011101111110000100111011001100011010100110011000011001010010001001000010101010101100101011000011100110101101011100101010010111000010100011001111000101000011101110111111011100001111001111110011110101011100101111110001011100010010110101100001110000000110000010010010010
111110110000000001100011011110110010001010001010001100000000010000110001111101011111000101010010010010110100011110010000010100011100111011010010000010010100111011111011001011110110001110100011001000000011010000011011001111001100100110011100001110011001011001100111010011110101011111001001010001101000001100011000101010111101001101011000000010001000011001100100010010101110100111000110001110001110101000110101000001111100000010111001001001111111010101010010111111001110100101010100000100110011011110000111001001000010110110111110010010011111110110110010110111
0000001011110001101110011001110011000011001101010110010101010010110110010110111100100110000011110000100001111101000011011010000100000000110110011010101100000101000000100010110000100110000000011111101110100001100101010111111100101001101100010000111011101110010000010111111011110111010001001001001001111110010000010101010100111110101111111011100010010100101001101010000010011110000010100101001110111110110011101110111001001110101111111110010110100110111110101000110001101101111101001100000110111001011010010001011000101010100011110001010111011100100010011101101011100100101000001111000111011011100001101010001000101100111000100111111
100010010011100101111000000010010100101110000000011100000
1011101001101000011100011110010101010011100100110101110001000010111110000000001001010001111010100000010100110001001101110100001011
1100100100100000001100110000111100011100110001011111100100001111000111011010111101000011001000110100111101100101111010110111001111001001111101101101101011100110111010111000101001000000100110000011100010011111111011
110001101011110010011000101000110011110111111110010111000110100000001111110101010110011100001101110001111110011100000000010110001010000111101011101000011101111111010111010000101110001000111001001010000010000011101101000100001011101101101011001000000011000110111111101110000101000001000100110000011011010000111001110110100001000011111100010011011110011000000110000111001100101111010101110100001111001011011010101000010001110000110010100110111110110110000011110010111100111110110110010111000001110110110011100001011111001000001001110011001001000000011111011000101001101011110111111111110101001000011101010001110011000011000001000010100101110111101100001111111010110011111011100101100000000010110011010010000001000110101000001010101011010010101100111101111000001000110110011111101111010111110001101010011100001000101010111110100001111000010001110110000100110101011010101101011110110001111010001011110001010111011100100101001100000100000010001000100100001110001101100001111101100100001101001
010011001101001000011001110100101000111011000010011110000100001111101010111010011000011010010110000101000000010000011101010110110111001010101111101010111101000110000111001110100111111110011101001010111010001011000100000000100011010110100011100001100101110001010100001010000101110010100111011000000010000011110110011100010100110000100111000001011110010101111000101011111010110101100110011100010110000010010111101110000011000011011001100001110101011100101110000010111100110101111001000110010110010111000001011010101111111101001011101100010110111010111011011110010101010011100111100100001100001011100110111000000110001110111110111010000101001101111001100011000010101000100111000011100000011011100010100111010110111001010100110101010110101001010101101001101110100101010111111110110100110001111101111000010101011110010010101010111101001110010000011000001010001001110011001010011110010010011011001101101011101001011010111100011110101001110111010000001011100001100
011101000000001000111100011000110100110000011011100010101111000000010111011111010000010110101000001111001111010011110011111001111000000001101111110001110010001100000111110110101011110100100011000
0010000010100111110110100111111110101110111111010101110011001110111011000111100001101111101111010101110011001101100111000010011010111011101110110100011101101010011111111100101011111000101010011110001011110011010001010000111011000000101011100110100010100001000000111001111100011000000100100101110011100001010111110000100000011000111101100100010011100100010001111111111110010001111011001000011110100101011001111111100001011111100010100110001101111111110001100111001110010100000100000111111011000011010110101000100011100001001111101011100010111000010101011010111101000011100101110101111010001110001100010010010111101111111111001110010100011000011011000110001111111010000111101101100100100100110111010101000001100000011110110011110100010110011101110111100010101011101000001000111011100010011111000110111110001011000111001011000100010110100111111110000010000011111101100110000101110101000011110010111100000011001110100111000001111111011011101100001111
1011100100101100010010100100111000110000001010011000101111101010011110110010011000001001111000111101001101010100000000000111010111010101010101101111001100000010101100011111010110101001101100100011011011000001000101101001101111100101011000111100011100010110000000001101000111001100110101100010001011000001101111100001010101111101001100101010001110001001110011000001000000000101000000111010111000011101110011001000111111000101100000101111001101010000011011101011100000000110110011101100
010101000001011011100110000101101101111111000101110111010101111100100001111000000111101010111000000001110000011100110100001111101010110100001111010010010011000010111001100010000000000000110001011100100101101011001110011001000101000110110100010111111010100000011010001000001010001101011011011010100111011000000010101100100010101010010110011101101000101010110001
10110000000100101010101010001010101110010111111010100100110001010111010111111100101000110100001011010100110101011110100011111110101000010100010011010011110001100000101110110010000000001001000100001111010101100011011100000100110101100001111100010000001100001001100100000100001011100010011001110001110110
0010000110011110110101101111100011100101001111101001101010110101111100111100010011111100000010100101100000100101101100110010110000011100111100010100101110110110010110110000101111010000101000111110010110001011011000010100111001101000101111000101000101110011000011111000111100011110011101000100100010001100001011011101101000000001110001011101011010001110000011000100100001101100100000001011110111101001111000111111110111111111001001011101011010110011101001000001100111010110110100001000100101010101001100001001001101000011000100010100010000010000110101010101001001010010100110101111100111100111001101001100010000110011011101110110100111110101000000001111111111111001111111010111110011001101100011110010001010101111100100101000011110010010111001111110110101100101110001011110111001011110100001011010100010111101110001101100000101010100010101010000010010110110000101000111001000010000000100010001001001011101001011000010110101101100110011011111
1000111011000001110100000110010101100101110011001000110011000110111011101001000101000110001000111000111001001011100110101101000001111001010001111111110011011000110010010001011011000110010001111111111001000000001110100111100011101110110001011000000110110011111111010110011100010101101010100001111010000101101000010010011000110000110110010100111000100101100110101011101011101010010111110100011101110000000010110100101000010011111001101100010101111111001111100100100110011010111011011011000010
111010011111000101011000011101110100001000110101010010011100101000010010100100111010001110010001011110110001111000111101011110110111110011110100111100000001101001011011010101010110001101111110100011001001100111100011110000100000000011001100000110000010111011101001001001111001101110000000111100111110111110100010100010000001111010011111000000011100001110111101000100101011001100110001010110110101111000010111001011011010001110001000001011001001000100101011110010000110111001101011010000111010000010110010100110001110
1100110101011111101001111111010011101001000010010001101001010111011110110010110010100000111001100110101100101011001001110111010001011101010011001101010100101101001101001000111000100000011111101101111000100001001011111010010010100001000011001010010110100000000010000111000010111000010011000100101001000000101111010011010001010110101001100000111111010111001010110110101101011011100010110000101110000011101111111100010010111010111101101110010100100000110000111000111001010010100011111000110011110010000101100011010000001110011111111111011010101110011111010010001111000001000101001010010000110010011101110100000000111111000110000001011110010100101001111000010100011011111010100111010011011100010101110011011010001110101000011000010001011000010001111011111111100000111001100100100101110100011111110110111100111011111011010101001000111010101
1011101000110100001110100001101100101001010000010001111011110101001111100000111000011100100101111111000101111101001010001000011111010001100000100001010000010001010101001001001010100000101100011100110001001010011110111110011101011001100001101001111111011000111101100100101000000101100010101111110010000000001010110010011000010100000100011100000000101101100011100110011110111000001011011101110100111111101000110100110111011110011100011110001101100001001011101001101110011001010111010101101101110110010100101000001100100001011011110000011101111001110110110000111011010100001100101111100101000010110
0010001001101100011001011111111011101110110011011111001001111010001101001011000101000011011010110111101000101110110100000001001001001111110001001100100001101000010101010010110111001101000111010110111011100001010011101111011110001111101111001010110001000011101001001110110101111010111010000110110100010011000111011000010101011100000110000101111111011110000100110001101110110001011100100110010010100110001111000111101001000010001011010000110001001000001011100000101011010111000000110100101111000100101010100010000101111110111010001001001000110101100111001000011011111011101000100001101100101101000100101110011001000101100000110010100100011100111011001001011010001111011000111100100110101111110011111111110101100000111001
111001111011111010111101010000011000111100110011111100000001010101011000011000010111001011001111011010010001101100111011100111101001000111000010010101111000010111000000000101011101100000100111101011011010011100100001100011001000000000011110111101100001100100010000000000000000111000000111010111010001101011010010110000110000101010000011101010000011100100101000110000011100101001011000000101011010011111011001100
10001000101111000110110101100001011111110111101111111001101011111110001000000111111000001001101011101000111001011011111110001110000101010110011111111100100110001100100010010101100000000000111111101100000001111001010101010001100100110101100010111101110011101101010111101001100100111101001101000111110111101101001001001001000010001000101111000010001101101000000111110010000001000010100110100001111010010010010011111100100111101111101011001011011001111001100110110101100110001001100110000101111110100100010011110011011101010011001101110110011110011110111110001010000001110000101011011000100110011011010100001001111001011100111010100100000100101111000101000101001000011110000000110111010101001011110000100100010111000001000011011100001100101100101010100100000101101100100100110000100001000000001010000111101100111111101111000100011001010101011000111011011110001000000100101001001111011011100100101100010110111110100000111
101011111001100101011000001110111101010110110111101011110011001111000110111000111000110010001111000001110100011010010110100110101000111101100111010000001001000100011101010010001110010000010101000000111110001110110110010100010011110000010011000100101010100100101100001001001000100000111000110010110111000000111000011001100000010010111111011100000010000111101101100000111101010000111010111100111110111111000010010110011110010110001001100111110100111100100101110000100101001101100100101000001111011111001111110100101011010010000101101101000000100011101100001010011110010001100001111001000101000110110001010000000110011101010111100000011010010111101101011111011110000111000001001111
01101101001000011111000000110001001010001100110010010111110101111111001011011010100001010101001111101111010000010010000110000111011111110101110101101101111110010011111111010010011100111100100110110010100010001111000001100111000100011001010001101100100001000101011100000000000101011101010100010101111101111011111011001101110001000010000001001100100000111000110001110011001110000111101010100011111001110100010100101000111110100111101001111100000010000001000110101001000110101101110011001110001011001001111010101110000010001100100101000100101011010110100101101010100110001110011101110001111110010001001111110010110111010100110001100000101101100101111111101110101001011000111110000001001111100101010111101101101011100100000100111111011100010101001000010001
000010001111010101001010010011010110010111111110100001000110101010111111110100101100111100001111110101100100100100111010100000100010001010010110010000001000000010000011000011100011111001110001110000000000000110110000011110110000011100001100000
0100110001100001011000110100101100100010011011001101111001110100001101001111010101101010011110001111110111001110000000111000010111011111110110001000011101111100011110110101110010111000011101000001011110111000100101111111001001001110001010101111000110011011111000100111000011100101000000100110110001101000011111110110101100110001011001100111101101110111101010000010001000000101110110110101001001101110100100011101101110101100001110110011110111001011101100100110100111001101110000001000000110000111111
101101101101001
000100010000011110011001100011011001110001111101001001101101010100010011101111000001111111101110101110011010111001110110001010001110101111010110111110010110011000011100101000011110000011001011000011100100101110101110000100111111110111001110000111111000101001010010001100111101000011001111111001001100100111010000111011111001000111010111011111111001111000011110001010100111011101101011100001001100000011001101000000010001101000100111101111000110011011110010011010111011001100001000011010010111010011001111010011000111010110000100011011000001011001010011111010110000000100100000100100101011100010101100101001101010011101000110011011001011011001110111011000010011110110100101110101110110110101011001010110011010111010100000001010011101011001001110000101111000111011110110010101001110011000111011110011011011000011000011000000100101011001101000010100101101000001101000011
1010011101000111010101101000010010000111101101010101011010101110001110110011101111010
110110111101110110100011010111101110110000110000111001001000110001110011010000111111111100000000111110110011001011111011100110001101101110011110110101
01111010111110010001110100110111010001101000001110011010110110010000010010000100011010011111001101101100000111000000000100101011010011011111110111010001010110101011100010101110101010011
0000010010000010111000001011000110101100010101010111001111110110011111000100100100000101111110111000011110011011100111010000110100110010110110100110011100010110001101110000111111001000011100100001100100110111111010100000110101011111100100011000110100011000010010010001011111001000110101001000100110001111010000111110101110111110000
10010001000100101101101001011101010000010001111100101111001011101111001001110100000001111100001110101101001001100110000001110100001111101010101100110100011101100001111000001100111110011111001101001101110000101110010010011000101001011110101111001011011111110100100111011101110011111000011110111101111010010010101100110011010001001011111001011111010100001010100011011111001010101111010010110101110110100110000010111011000001110100010101101100110110001011000111000010110011111000000000011110001010011100010100101110011011111110111111111010101000010010111011011
1110101110001111100110001110110101011101000011101001101111100000011110001111011111110110111111110100110110111010010110110111010011001000110100101111000101100101000111110001010010111110010110101000100000100111101011011010111001001001110011001101000111011100011011001001001001000101100101100111001001000011000001010010001101101001010010011111100110010101010111111011110011010111110000010110011010111010111011000101010110101
110011010001000000101100101010101010110100011011110111111010101010011101111100101110110011100001101
010101001001011001100001100001001001101100011000111010100110101101010011100010010100000001101111101000001101101000001101000110011110011001010001110101001111010100001011110001100000100111001110111110100100110001000100111110011001110010100100100010100011100010110101010001000011100010000011110010110010111100000101000100111000000110000001110101001110001000001000110100100100000111110000111001010100110110011011000000111010011011101100010011111111101011101100001011110000110111111011111011000101101100011001111101001111111011000001111011000110111100000000011101010010110100111001010000100100011001111000011000011010101111110111100111111011011100111101100000000110111011110011100101110101000011001000100000101011011010100010001111111100111100111001100010100010111101010111111110000100000100010110111010111110010110110100001100010000010100001011101011001110111011000100000001111101010001011101010010100100001010010100100101000011011010111101000000000010100100111001000101000100
010111001111000110110101110001000110001011101011100110111101010110001111000000010010001001010010011000010100011011110100101100010100011111100001000111100100111011000111010100011101010101100111110011100000101001011001010100101001010011110101010100001111110010001100000101100101101010110110011100100100001111111011101010100101011111111000010001001000011101110010011100100100001100011011011101001010100111010110001010111001000010000011001110001101001100101001010100010011111010010110000001101000010011100000111100010101101111010
1001111001001100010111000101000101101110011000110001110001010101110010111010010000100010011001001001000010010001010100011100011100101100000011100101110011010000110011101100110000101011001110010000000101010001010101100111000110100110101011110100010111011100110100110011000111110010011100000010111000100110000011110001111001101001111001010110101000100001011011001001001111010110000010011010000110000110111100110101001101000110011011001100001011101110001011000110011001101101100010101011111011101000100010010010001111111011010000111100111110000011000011010011110001000011110001101100111011100001110101110000100110010000010110011011101110011111111000101100011100101111000111100001110100010101101110101101110011110100010000110111010010110010011010101100110100110110101001101100100001000101011010
0011110001011110000110100010011011111000101001000000100010101101001010110101011101110100001011010011000110100110110110011111100000101101110001100110101011001010000001100101100000010111110110001110111100111100010000100101110111000000010101011111011011010001101110110111001100110010101101000001011010010111000111101111000110011000000000011001000101110100110100100001011111001001100001101101101001111010011001010111010110011101101010100101101000000111011111111011101110010000100101101010101000111101
0110111001101101101111111100000111011000110011111101101111101011100110000011101001001010001101000111001000000101110110011011110101010011101111101111001110000101111111100111001001101001011110110100100100000101011001111100001000010001010101110111111110010000100001110101011001
01011000011101011100001110110000010010011101110011000111101101000000100001111110111110100011000100011010110111110101101000110010011100010000010100000100101011110111100011100111001011101111100001001001011101111000000011011010010000011110101001101000011011101011110101001110111110101110110101001110111101101011111001110111011010110110000111010101010110100001001110001010101100000011101001011001000110110010111010011011001110101010011011100011101001010110000000111110010110101001100001000110101010000011011011000010111100110011000000
0101010000000001111011000101000100111100001010001110
100110100101011100011101110100111000110011100011010010010110101100000001010000101110111011111000011001101000001100010000100010110110001110011010101100010000011100101111000110000111100101011111111001101100000011100111
11101011111011100100111010001101010010000000111011110101111111001011100010110110101111101110001111011101010001000011100001001011001111001100111000001000110101011011011101011110001000011100000110011001110111010001011000110111010101101010011100010101110110000101011110110101010101111000100110000100100111101101001101100111100001011011010011100000000110001101110100100010111001010111001011110100110001011110101111101111010001100111101010110000111111010110001100111111100111000110011010111001010011111110101101010001011110101011011001111111011100111000001100000110100001011010111100110010110100111111100101001011110110001100011001111110001100000110111011101110100001100000010001110100110100110000111111001101010110111000111100001111011111011010011101100100000100011011100000001010
1101000000011111100101111111100101000111000001111101011110111100000110110011000101011111111100100100110010111111001010100010110000111110011011010110100110000101111011101000111011001110111111101001110000000100101110101100100110101000101101111100100010001010011001101001001110010100000000100001011110100101111001100100011100100101001111111010010101011111110001100110100110011000100000010010011000011100000010100110111111010001011010101000110100111011010001110100100000001100000111011001100010111101101111010100100000101100001110001010010010111001000100111101100001101010000111010111101000010011011000100110001000001010010100100001110001100000010100000010010010011101011011000100111000001111111110101001
1100110111101100110110110010100011110011000101111100110110100001001101000100110110101101001100100011111110011100000110000010010100100011101001100010010010101101100110100001110111001011010100101011101101110001100101000100100100101110011111100100101111001011111010010010110100111111110010101000010110011001100100101101000010011101010100001110100101101011000110110001100110101110100101010001111100111101011010101100000101111110100101000000001110011001110001100100011010100010001101101111011011111111011000011011100000111000101001101111000010101011111111000011100101110101100111011010000011111010101000111011101010100101011010110001
00110101110011111110100101011100100110111100101001100010111001110110110000000000011010011000101001010000111011101100001001101010100010110101100010110110100100000111001111010111011011110011110000000110011110011010011000000011110111101011110101011100100110110001000101110101101111001010100000000101110000001011010011011011010000111101011110100101110001000100101000101101110110110010001001011100100011000000111100010011000101110110110111000110100010111000010011110010000101101001010000011101100110000010110101101011011101110111011001000011010111111110111000011101101111010011001101000010001100000110111001111110011101010100010000000001001111100100100110101111010100111001110100011101011110001110000010001011100010011101111010100110111100110101001110011000100010100111000010111100001001011
010101110101101011010101001110110100100100001111011001111011101110100101001110110000100011001010001101100000100101010111010101110111001010110010100000011101001101100011101011001111101110110011000010011100110100110111011010100011001100100111111101111000010011001101111111101010110111110111000101110100001011000111001010101100101010001000001100111110000001011010001000111001000101000
1011011101110110000011111101011011010100100010100001101000100101101101110000100000100111100000101011010000110110001011011010110
1100101111100110011101000000011000110110011101001110111111010011011100000111011010100001011001101001010001101000111000110101111000000000010000010111010010101110101011001000001100101111110001010101100001101001110011
011101001100111010001011001001101100111011101010111011100110101011100011010001101001000010011110101100111000011100110100011111011010000100001001010011
01110010101100010111011110110001011011001001101011001100001001110100010000101111011101001011100000011010000101100111111111000111011111010110010010010100010101011100011000100000010100011100001101010110011001101101101110111110011111010110010110101011100001011001011110001111111100100101001010001100010100011111000001110111010001010111100000100010100100010011000010101111011100101110001000001000100111001101001001000101101010010011100011100110100000011
0100110010111111110111000
0110100101001000110110010111101010110011111000001101111100001110010000111011101111101001101100111000101101000010101100011101001110000000100010010000110010001001111111001010001100100100011101001111110111111000110110111001101001101011000010101001000000110110001101100010001101100100001111000100000001111000001101110100111110101000000110011010100110
110101001011000100010000110001110100100101101100010010010001011000100001000101011101100111001011110110111010001101011001100100110101001010110110110110010011111010110000100110001001101001001000111111111111110001011011111111010111011000001111000100001011001111100101110000111011100000001101110011001010011010110111011100001010010011011110100000000011110000010111100011100000000010110011010100111000011110111100100011001001111111010100111111111110000100001110010111001100011011010010010000001111000000011100011111100011100011111000010010000010100111000110011000111110110011000010011000110100101101000010100100000110001100010010101000110011100010001
011011010101101111111001010010000000100111111100011010100001100110110001001110100100110010010010110000000011000101110000000111110101101110100111110000010000110101011011101110110010110011100110101001001000110100101000001111100100101110111100010100001011001001000001110000111111011101100101101101001011110001000001001111011110001101011111101111001001011011010111101000111111010011101110101110100110010010011111101111111100001001100011110111001111100010100001110110011011011011011011000011010111001101010110101111101110111001000001011001110110110000100111110001100011101001111000010011111001000011101100000001111001010000010101001101111001000110011010011011001100000011001000001110100010110101111110101011100100110000110011101100011100110001110111011010010111000001101001100000111011101100010001010011010110010010111110110111100001001000100011101000101
0001110111000101011010000100011011011001100100010101111000011110000000010101011000011000111001011111000001100000011101101001001001000011001110001011001111011011010010110001001101111110001000110110101010001100010011000100001000000001110000001110111110110100010010110010110101111101000101000111000010000010011100001101010000111111011100000110100010000110001001100000011111111011010101011000110001110101110110001000010
0011101101101001100000111100010010100000010111111111001110011000110100001100000010101101101001111010010010001101100010101000100111110010011000101111101000110100010110000000001001111100111110010011101000111010001101000110000000100101100000100010111011110100110101001100010010011101000101100000101001011010100011101110111111110100010001010001000000011010000111000100011000100100000100010101100101000001001101001101111010011100111010110010101111110011010010010001011110111010111000100001010000011000111100110100010111000111110011011111001101010110110011011010100111011101010101001110110010110111110000100111101110110110100000000111101110001100101110101100101000111001010101100111011011001010011010000100000000000000100110000100011010111100100
0000111001011011011000101101000011000110011000110011010010100110100000111100100101000001000111100110110111101100011110110000100111000001001001110100110101101010111011101010110110100010011100111100010111000001010010001110100101010001000101010100000000000010000011101000001101010101100011111010101010110010100001011000110110110011001001010000001100011110100011010000111101011101100001111101000101111000110000000011111100011110100011100111101010101000011100111111011010
010111101000101000011110101110010011110111011011111110001010111000111000011000011010111100001010000111100011101101000101101110100001011111011100001100001110110101000010100111001010001100011000110110010111011010110111001110001111100011001010000110110101110010010011010111111110100111010100110111110111001100011100100001100011000011110101111101100011010010010011111101010110000110101101100101011111000111100100100000111011011001011010001111010110101110110111001001000110001101101001110111000010110010110000110110111010100101
101011010001110110000101101101011000011111101001100110001011010101011111110001000100010000110000110001000000100101001110010011000000010011010010000011110110000010010110110000111010000100110100000101011110110010110010100000001010101000110111101001010010110111010101111000100010001000001101110111011001011000111101100111011001011110010011001001010111100001100010111000011011101011110101100110001100100010011000000111000001010010001101111100110100001110110100011011010110011011101101111100100011101101000111101000100101011000010000100001001100000010000101001101111010011111010000010010011000101001100111110010010011010011011010011111001111011110111011010000011001001011011100111100011000111010001110011000100100111100000100101011100111011011010000011101111010000101000011110011110100111100101101001011000010111010011111010010011101111011001001000110110010110001001101111001100010100000011010011011100010001110011100000100000011111101001000
01111011100010001001111110010101100000101100110100110000011101010101010010101111011001000011010101100111100101011111111100011011100101010111010001000100110111101010110100110000110111000000110110001110010110100001010100010101010001001110111101100100
000110100100110100001010101000110011011011010010000110000100101101110111001100110100100111001100110010101101100101001111101011010000011110111001101001110010010110101101000010001100000001111010001011000110010001001110110111000111111001100011111101111011101011001000010111010110010011010011010000010000000000111101100110100011010000100011110000011101111001011011011111101001101100111111111010000100001010011010110001101111000100100110101100100111101010
011110000111101010010011100101111101100010010000101011010011000011010000101100011110000001001001110101100110101111011010011111100011001001111001000011100001110000011000011111100000111010110001110011101001000011111010101110011011111011011111010000001101111101001011101000000110100010001111110100001110011000110011010110010010100000000101010010101000000001110100110101000001101011111011000110100101010110011111011101110011101111101110
011100001101001101010111101101
0010010111100001101001010100010111001111110000001011100101000010010110000001110010011110000000011011011011010011001000000100100001000001110111111001101110110010100111111110100010001100010001100100001010011111001101111111011000101001010000010101101111000000011
011111110110111111100111100101111011010100110000011000110101001011001110011010110010101011100110110100000011000000010110101001101100011001110010010011010010101111001011101010011101010110110010001001101110010010101100010101101110101101100101000110111000111111001101110101100101101110100001011101000001000111001111101101111000011111000101101101101100110001100101001101000000110010110010000010110110110110011011000110111101111000101110001101000101
1101101010101000111011110001111110110100000001101110101100010000111111110011000011000101001101011101111111111101110110110100011000000010010000100010001000110011010010010101011010101100001100110011110101000111011100110111000010001100100110010011111101101010101011100011101000000010010110100001000010001001110101110100100100001100100101111110010001000110100010011
0010001000000001101000001000000101110000111001110110110001110010010011110110100100001000010100010001111100010110110101000101000111001110110101100011100011101101110100110100011000001010000111100111001101100010110100000011001010000101101101010110010011001111001010001000100101110111111110110011001101000011000111011000110000001110101011110110110000010101001001010101111110110011001000001111001011111111100010110100110110100011110000011111110010101100010100100000110001101110011100100100100110100101001101101110010111011101100100101000011100001001111101001010100101111010111001110001001110000111010101010111000001001111100001010010000001000110001011100010010010111010101010111000000000011110001000011011001101010101111110101000000010111000001001100001111010001101100000000011010111101010111111100100100101010001001010011100011001111010010110111001000000
100011001000001111011011111011110001100010100111110110110110000110000001101101110001010011101101110101011000101001000111010111101010000010101110011100110100011010110100101001111000101000111111110110100011101010001100110110100111010100010011101010100111100101011011111101101100000110110011100101010100001111100010000010000111011010000011101001011100010001000001100011100110101010011100101010010100101001100000111001000100110101100101110101010100100110000100000101110100110011000100101001001100001000010000001010100101001111110100111000001000000111000101001011101000000000011001010011011011010001001111101000101111100100001001101011011111100111010110010100011111
00110100101110111000
00111010001111101111010001011101000011000001001010010111100010001000010011011111010001101001010001111010111001011100011101111110110101100000101111000101011010100000111000001101110100001000110100101100001100000101000101000101010011111101100010000100010111101111001101101010010000010111000100111001111010000110111001111010010010001001011001000000101110000100000100000101000010110011011111001000001111100101100001011001110000001111011101001100100101110100111010011000100000011111101110011001011011010001010100110010011010011001011011001100011000000100101011000100000001011110110110010101110111111001110110111001110010110100111100111111011100110011111100001000
00110101000100101101110000111010010101001100011000010111010100111001101111110111010011000000011111110010111001000100001101000000111111000100001001101111110100011001000011111100110001110101000001011001101101011000010101111101101101111011110110000011110011000001110101111101101001101001010011110001110000001110111011101111100110010011101111101110110110000000111101001000100001010101111100011101011000111001111100110010100010011101000101100011110110101001110111110111011110001111110010110101110101110111110110001110010111110111101000100110011100101000110111001110101001010011001100111000000001110011111111101110010101101110001111001010101110000000010000001101011011101011101110110001010110110111010001101011000100100001000011100000001111001011011111011111111010100111110100100000110011100101011010100000111011111110001011110100111011000010011010
1110100001101011010100011101101000011101110010001101000100001000110101001011101000000010010110101100010110011001001110101101111100111100110101111101111010110100111101111000111011000111110100000000100110001
