100
01101111010110011010101111011001010101101000011100101000100011010001101100101101000011000000010101011000100100110111011110001101111111010011001100111011010010000101001010001111000101111101000101011001100001100100011011100011011010010011110100100010001100000100101110110001110011100010001101000000010111111011010111111010111010101001010001110100000010001010010010010110000000100110100
101100001010001001010101000110100010101011111100010100001110101100001000000101010001010000101011100011001101111100101011011000100001011011010011000111010000100011010100100101010001001010101100011110001101101101001011111100100111011111110101001101000001111000111111111100001001111111011111100110101010100011000010000011001100000111011111100010011011110011100110110010110101100011010011100001101110000100100110111010010111011011011100100101010101100010001011000101110000100000011100010101010100100000011101101101011101111111100001111101000010100000011110010111110011010101010001011010000000100111011010001010001001110110001000110111100101100010110011101001010100000000110101100000111110000111010011011010111101010000101011110001100000010110000000010100110011110010000100101011101110001010100011011110010010110101001001110000100010001001100100000111111110001001011000100101100101100
1100111010001001011100110111111001101110000101100110111110000111000011000010101111000101101110010000100001110110010011001100011100011111010100011011100001111111110101110001111010001011011001100101011001010001101011101101110100100111001101010001101110010010011110101111101110010001010100100
100101010000011010000011111111110001000110100100101111010101100010000000111000101100010010100100110101101010001010111100101001110111010110110101100010101100110101111111011000101100111100100000001000100011011010010100110011000100010100101100111010100101011110010110110100010111001101100000100010011101100111011011001000100011111100101011100011011101111111000111000100011110111000011101000011000000110011000111100101011010000000101111010011011101111001010110100011000101011100111011110001000110000100111111111001111111111011010011011001111011110101001011101101110111011010111110110001000000100010011101101111010000100111001011111011111000111111100001111101111010101000001111000010101010000011000100001101001000110110011100010100000001110111101001100110011100000010001110110011100001100110111111110000
0011011111101101000111010000101001111100101000000011100001010101100101011001100101001111001001100100001101011011011010010101101001000011001001010000111101011011111101100100110101011011011101111110011101110111110100000011110000010101110001111001010111010010110010101011011001001000000011100000100100001001010110000011100111011100001100110000111000011110010110010110001010001101101000101101110110001010010011110000110100010110000101100011110001001101110111011011001110000101111101001
1100111000000011001101001001001100100001110110110000111100101011100010001000011100001111010001001101000110001011110
11111110110110011111011001111000001000110001101110110110011010100101000111010010100110001000111011010010011101001101111110111110001011001001011110111011001101101110111100100000010000010001001011011001101111001011100010001001001110001000100011011010000100111001010100111001011101100100110101110110110110000010000000011101111001111011000000111001100111110001000101011010010011001110110111110011110010111101111111101011111000110100011111010111111111001010010101101010000100001111000100110001111101110011110100110000111111110000011011111010
01011110010010100000000011011111100100000000101011011110100000111000001110010100111001000010001111101011000110000000010111000010111101101000110111110100000001010100101111101001101000001001011000110001000111000000101110110101110010001110110111011010000100011110001110110100101001100000010110001111010101111001010100111110100111100101000000011011010010111100101001110011100111111110010110010010001101001000101011111110011001011100000001111010001001111011001010100110001110111000111101101111110001001101110001011111110000100101110010010101110101101011010010100101101011001110010100111111000001010001001101011000011010111010011011011110110000
00101101110110101000100000111001110110111001011101011100101010001010111011110001101001011010010011010000010100110100100101100010100001010011001011001000001100111101101100001001011000000000101011010000001011001111110111110011010001011010001000101101100110000111001100011010001111100111100000101100010000000111011010010100000001000111100010100001101001000101101101010101000110111110110100100101101110001011111111011111110011110100111010001111111111100011011101011110111110101111000110111010011111001101100110010011110111001010010011001110111110000011010000000110001110001000111011010000010110110101000101010110101111100010111101001110001111101110101111111001110010100000100000100101101111100100001011100001011101100110110110101010000010011001111101100101000010010111101
001010111100100100101011011000000111001111011110100110000101100101000100011110000001101000101100111101101011001110110100101100000010100110010110101111010011111111011001110010010101111011010000100111001001000001011100011101001101011000101101000100001011100011001010111011010001110001101110001001
10101010101111010001100111001011101000011100010010010110010111011001010011101001100001111100100111100100111000111111011101001101111011011000110001010011000001010010001100001101011110011011011101011011010010000100100000010000111000110100111100111110000101111111000000001011000100001001110011111101000000010000011001111000100101110001010001000010000100100000001010111111001110010110010000100111110111000111000011111010001010111010001001011100101011100111001100100110101111010010000
0001100000011111101101101101000101010110100011011100001001010001110010010000100010010111110101010100111011110001011001001100110000101110011111000100110100000010000110000011001111011110111111001011000110101111011111000001010110000101011100001111100000101010010011110110101111111001010010000101011011100010011100100111111100100111111000101111001011110001011001101101000111011001000011000001001010010100010001101000001111101010110000100101001011011010100011111010110000001111000110011101000100111111111110100000001011100110101001101101001001011100001000100110001000111101100010100111011100110001111010101101110000001001000100010010011110111101111011001100101011011110000010110101111011100011101101011100001000110101001000100100010010110011110100000011100110110101010001110011000111001001111011011011111000000101101000101
1001100000011101001000100110100110001001100111111100100011001000000000111010101001111011001001111010001011110011100010111111111010000111101010000111011001110101000110010011011100101101000110111001000000101010110010100000111000111010111010111010001000110011110000000111100110100001111001101110011010000110010100000101000010111000000100101011111010110101010000011001001010110011111100111110010000001000010101010000110001000111111001110111111001100000011000001111011111001011000001000110101100101010111001010000100110100111010000101010101101110
100110011011011110010111101011111001001101111011001011101111011001000011001111010010111010011101011011010001011101101100100110001011100111110110100100000000011001000010100010011001011010011101001001101000100011000100010000111011000111100000010010100111111110111001001001001111100111000110111011011101001111001100101101101100101100011111010110001001111100110110000101110111101010101010010010110011101001111111101001010100101110110100100001001111110011111000100100101100111100100101100111101101110001010111101001110101101010000110011100111101110111111000000101110001101010011000101111011101111101001011010101001101101111101100010101001101110001110011010001100100000011111110000101110100100010100010110000111111011111010010111101110001010000010001011000010110100000100000011000010110101110001111110011010000010000101110100000011010101000000101100011101000100101100100010000001010
1100110010100100010100100101110111111011110001111000011000001001100010010001001110010101000111011110100110100101010000100011100011001011110111000110010010001001111010001101111011001001000001000001011011010010101101010000110101100110110000110011101110111110110010001000110101111101101000000101100011111001101110000111101000001001101010011011110101111110000010000011101101010101110010000100011111011111101100000010101111110010010101000100111110111100011000101011011011010010100010011010010110000110001101010101101101000110011001010111111110101111010010001100111100001111010011000110111111010011001011110010011000001111010001111010111000110001000111001111000100101000111011101110000110010110011110101100110010011010010000001111010010011010101100100111100111001111011110111110111010110001110001101100010111101011110001000100001100011101111101011101101100110001100000100010000110000011101110011000000001000010110111011110001011110000100101100000000100111000001101100110100100110001101110011
0000100011001100100100100100111010001001000010000111110011000101100100110000111001011011010001010010010111000011100111001110011110101101011001111001011101000001001001001010000001110111111011110001010100000110000111011010100011000101101111111110111011010000011101110001100100101000001011010101000110000011010011000111100000100110111101010001001000111110110001111100101111111001011111111001100110000100100000010111000011110111110001001000110010000011100111000010100011101001110010011011110000011111011010011100101111000101101111011010000100001111111011001000001011011001101000000110100010111010111111010011110011011110110010000
111110001
000011000110001010000100110101111001000110000110001111101100100000110001100001100000011111101101
001001010100110000000101100001100011110000010000101101000110101111100011110011011111010100110011000111011110100101100110000000100000111101110100101010110001110111101110000001001100100111110010001010100010010010101101001011100011011010000011111001100100111010000101001001111000110100111110101001000001000100011000000110011110011100010110010111110001000011100001110001010011011110011000010001000011111101100010000111001111011111000010100110011100101100000100111100101011110011101101011110010010000001000000101000001011011111100100111100101010001010110000111010111101000010001111001001011101100110110100011110101111101111101101001010011010111111111100001100111100011001111000101110001001011001111110110101110000011111101001010101110101000010111011010010100100000111000110100011111011110100100010100
001000000100000001010000100011000101101011011001101101011100001011101010101010111111000011000001010110111000100001110100011101100100011010100001010100111111010100101110101110010010100001110011101001100110011100000010100101101000100101110101111000111000100001001110001111001001000011001001100100100111011000111010010001110101010000101011101001010100100001010111011000010001010000110000100000111010101000100011101111100011001111110110110011111101000011011011110001011100111000101100110100011011001111010101111110001010000011101010101001000100010010100101011101111101010110100000010100110000100100000100011101001001101001000000111010100111101110000000010110111101010000010001010001001110010011111100111001110010101101010011010001010110110001110010110100011010111000011111100100101100111101001111111011111001100100
1100000110010110110100111011100001000010011010010011100100001101011110011000101000001011001010100101011100101011101110110111001010001111001000111011001011000101001111111111100011111001101101000011111000110110001111000001111010011100101001101101011000011011000001001110010001111000111010010100101011101101111110111001100000011111000100011000101111000000000010010001100001111100011000000111011101010010011101001010010001100010010111111000101001010100001111000000100100001100111110110101110001011110110001001100011000110111111100010110110100010100011001010001101001100000111111111100100000110100111011110010101101100010110110101011000111011111000010010110101110001101111000010010000100110110111010110010011001010001110110100101001001101001000011010000011001110110110011011001100101010111001000100101010101011000010001101110111010100100000000100100010111111101000011001110101110111100101100011010110111010000101001100101001011010111001010010011110010011000110100000010000110000
10000111110111100100001101000000011110001100010010011010010101011111111001011010110010
111111100100001011100111001001100100000110010110100001000001110000111000001000000111001000110111110000001010101000001110111101100011110010010111010001111101100010010000000110100011011001000101111000111000000110010010111000110100101000100001111010010110010010000001101100000001010110001110011110101111110110000011101000110101110111010110100001001001100011001110011010111001101000110111101011111111011111011
00110001010010001000101000001110011110111000101111000011000111100011110000101100010111001111101010010000111001001001100010110000001100101111101110101000110010111101001101001111011011111001011000000011110111010101110001110100011011011010100100111111001010001000001011010111001001101000111001000010111000010111010001010111110001101111111111110100000111001101100010101010101001010011000001111010100101101010101001111001101001100011100100100110001110000110101000011100101111111001101000101111100001010100000111101111000010101010001010000011001111011110001110011010111001101100001101000010001110100100110000011110001111010100000111100010011
001010100110111011010110111100111101101010100000100111101001001100000000001110100101101000001110110
000000110000111010110000001010011101111001101000011010011011111000011010010100100101101011010000001001111101011001001010000000110111000111111001011011101111111011110010010100101000101010010100010101101100010010010010000101110010010010101010101000101101010110010111111110001011100100100000111111001110100110000011111011000111111011011001110010011011000111010100011010010011011000101001110010001011010100100011111111110011101010011001100100000011001010001111101010010001111001110000110101001011110011101110010101111101100101001010011001010110101101110101011001110100010101101010001011000000100011111001100011110000010111101110000010001110101110101
0000010000110000001011010011111000101110000011010101011011000000011011100001000111110101100011010111011011011111011101010001011011110000101110001110111110001101011111001010101111011111101110100101101100010111000110010000110111111111101010100100001
110100000101011001001101001111001110111101011100110101101001010001111111111100000110000111101101110100011101001101001111101011111000111001010011010001001101101011001111101111100111110001001110010101110111010011010010100101010000011010001101010101011011010000101101101010101101111010000000110010101111001110100000000110001000010001010001110010111001111101101010101001110100000000010010100001101110100011001000111001001001101001100000001011011110001001110011111001110100111101111111011101000000001000001111110101010110111011110110010011100100111011110111010100001010100011110011001110111000110101001011101111000101100110110000000011000010101100110011000011011100101110011011000000100101000001010001010011100111100000101000010100110111101010100100010110011110111000111111000110
0110100111100010101001110000110000011000010011111101101100001111001110101010111101111100000110111100000111001010011110000011011000111111000110110110111001001100101100011101111001100011001011010011111000010000101111100111100001110101010010111101011101001101101000111011110111100110111100111101011101000
11000001110011111100101100100010011000000000110000111011011101000111100010110010110011010111011110111010111100101100010101001110010101110001010010010111111100110000101100001011011101110011100010100111100000001100101000100110110010011110110011001101100000001111110001001000010111100111100001100010001010100011101100100101010010101101000110101101010110110011000110111000100111111011001101111111111110111010010000100001000101100110001101010101110101011101000111101111110011010011000011001111010011100010101100101001001111101100001010111
0001110001010101011100001000110100101001110101011111110001111001000110000001110011110011011101100010100101101011010111110011110100100100011101100011100011011001000101110000111010011100010010100011101010100011011100101101101001101101011001111110000011010101100101100100101111101100111000111000001000100010111111001101001011010101100101100111101111011011011110000110111011110011011101110100001111011001001000101110000000011011010111000010001010101000000000111100101000000000000000110010110000101110010111101111100011000011111011011101010110000101110110000110100100000111111110110101100011101110100110001110111101100101000101111011010110001100010001110011101010000010010011000101100000001000010000001100001110110110110111111111101000111010100111100010011011000111000010110101011111111101110011010101100110011001100011111011000110000110011100000001011001011000001100111101111111000010000010100010011010001111110010111010001101101010010101111000011111011000001010000001101101
1110001000110100000101111111101011010111001010000100110111010110100000111100010000010011011011011010001010111011111010100001011110001011100011110100101010000001111010111011011000000100110011100111011011000011010000000000010111011111110000100111001010100100101110111100110101001001110011011101011110111100010001010100010000111110100110001100111100110101011011100011011110111000011110111110001010011110011000
1110000000000100100111001010101100011010100000010100011111001100111110101101111011011011110100100000011111010101001110001111001110111100111010010101001010100110101100101111111101010100110010010100011111111110111100100100110100010110100100001011101101001000011011000010000010011011100001000011010001000001110110011101101010100000001110111000011000001010100000110111110011100100110110100010000110100100010101000001000110001011000001111001010011111110010000101100101000001010010011100111110001110011011111000001011001110110111100001111111111000011010110101010100001101110000011011010010110000110100011011100100110110110101101000111001001110001000010011100010000100011010111110111001000110001111101011000111111000010010000010001110101010111011100010010001011011001101101001101111100110000111011011111110011010111111000011001001101010011001111110001010111111100011100110001000100010001100110000110111101001100101011001101001101011101011100010000000010110
110100100000011000001101100000101001110011011100110011011101010100110100110110111100001010000010111111111011110110110011011000000100110111000000110001101111000100000100000011011110011110010111000110101101001011101001111100111111101100001001011000010011111001011010110101110001110011000111001100110100010010010000100100001011010100110101110001110010110101100111001010101000100011011100100000011100000101001000001100011111000110110011011001011101010111110001100110111011011011110011110100010110101101010111101000101110011100011010011010000010011111100000100100000011111010010110010000110100101001000011110101101001110110000010100101011111001011000101110011011000001000100011011001110101111000001001101000101011000111001111110001100100010001001010110001000000101000100010010101110100010010000001011111001011001001100000100010100101001000011011110110010100111000001101011010011110111010011001110100000000010101100111111100110001101100011010100011010
0110101001101101011101000001011011010010010001100001111100001011101010010100000111000011111010110011011000110101100110010000000100011001101001110001101111111100011001111111110101100010001001111110011010001110101100110011010010010110101001100111110000011000110011101111010111100111010001011111111111010101111000110100101001101000111001001100110000110110100110011011111011100001011011000111100110010111001101011111010001011000100000001100101110000011000010001111110101111001011100000101001011010010100110101010001
1111011101001001111110001011010111111111110001111001001110010010000110000010001011110000001011011001111000111011110011000011000101101000111010101010000110001111101100111000001110101010111101001001110111110011101000111110100001101010111101101000100101001000100010101111011111011011001101001001111011001111110100100001111001100110010100100100011110010011000111101101101001010001110101101110110000111110110111011
000101010001010100011001001000110100100110110011111111110001010100010101110100000101111010001010100110110000111110110110111010110000111001001000010111000100100011011111110001000100100000110101010000100101101001001100111111011100011010011001010101011011000111001100010010011011010000111101001001010110011100111001001000010111111101001011101101101010000100101010001011100111001011110111101100001111001111000010010010011000010011001101000110110110001100011000000100001001010010110100111110000000100000001100010001100011001011100011010100001000010100000000111010111111010110110110001010101111010010110101111101001010001000000000101010110100101101101101000010110011001001010011100101101110101110000110001111001101000111111111100011111110100010001101101111001000101010000000101111001
00010100101001011001110000110001010001011011111110110011100111011001001000100100101110010100110001000001111011001010010001011110001001
101100000010010000100001100010000100111111011101110011011100101010010011111000001100101011101100010101001011011110000000101111111000010100111001100000110111000111100011101
110111010101101010010110100011111110010011010000110000001011110111011010110001000000001001111010111000000010001111010110011000111101111111000011100011001101011101111011101000011000010000111010110110101001111111101101111000101101011011011101001101111101100110011001010110011010011101000010011001001001011011000001101111111001001010001101011101110010
111001010110110011000000001010111111101101010011010101110111000101101110100110101011101100110001110101001111100100100111100101010011110111100001011101111010101111110110110111110010001110011001011010001010101000111010110110111101101010001111011111000100100100011111101110010011001101001111101010011111110010111100000111011010011010000110001110000000100111000111011010010011011110001011101100111001001000000001110010110110100101111001001010010001001111110111110010101100001000000011011101110001111110011001001001101010100001110111101001011101001001111100111011011111100
1100111011100100010101101010100000111110111001000110101001110111010000101101110111000100100111111000111100010010011000110010100011110010000101000110110101000011101001110100011001000001000111101011001000101001011001011111111010001001000010000101111101110110111010110110001000110010000010111110000101011100110100010000100011100100101110100100101100111111001000000011011100001101000110101100010111011010101111001111011001001001100001110101001110101111110100100111011110110101101101100000011011011100100000101111111101101000111101110000001011110011111010000011000101100011100100100101011100001000001001011100000110000100110110111010001010111000010000011001100000111011101011110110111001110101111100111100010111101001100111001011101101100010010010001110001110000011011010111011010001100100110001111111001000111001001110000011011111000110111101011100011111011101111001111010101100001001010100000100000110
11100011100101001001111111010100000100010001011100011110100111
00000000101010111011011100000101110001010000111010100010110000111111101010111001111110100011111100001010111110000101010100000100011111011101111010100101
110001011001100000000001111000001010000001000001100111010101111101011011010101110000110011001111000110101101110100111010010110110011101101000110111111001000100001100110111011100011001000011000010001100000101101100111000011010111100100011111110111110101101100100110100111011101000111000110010010111100100101110010100111000001110000100001101101100011000001110010000001010100010010010101110010000101110011010101011111010100111000011110000111100011001111000000111101100111011000111000111110011001111101111101110110011011001011101011100101010101111111000110011001101000111001110
00010111100010100101010000101100010000001111110111001001100000100100001111000101000111110111101101010010011000000001000101110110100011011110101001111001000010100100100001110011111100000000010001110110111011101010011101110000110111110011110000111110001011111011111010111100101110010011101000100100100101101111100101000100001010010011001010101101101101111010101001001010010111000001010000010100101101010110101111111100001001000100111011001011010110110111010110010010000111010010110001010011010011100010010101100110100110101010100100011010100100011001111010100100110101011000101111010011011011011100110101101010110001010111000011111011111100000101001101111110001011101100000
10011111011001111011001100011100110111101000101011110110100000011101001001100100001101001110101001111100110011110101100110011001010010101100101110110000011011011001000101110000010111100100100001101111100100010000100100010001111111101101101100011010101101010001010000101010000101100100101010000101010100111011000011010110111000101101011101001001111100010001010100011111111001000111010111010110010110011101111001111011100001110111000111001100011000001000011111110000000001110001001000110101011010111001101101010110001011110110101000100101001010111111001011010010110001001001110000101110000011111001101010101000101010011111100101100110010100100010011100100011010001011101101000001010011110001001101100001111111000111101100010001110111000100001111001101000011011110000010111110001100101001010000100011100101011001111001000001101010101011011011110110111010110100101110110101101000110110011011011000
11000100010100111
0100111001101100000000011101000111000010000110110110100111001110001011000111100000110001111100110001111100110001101100111000100000001100111010101100000101010101100111010010010111100101101010100101001000000100111111000010000100100111110100011011000010000011000100100100000110111100011010101000110001010100111011011111110100000000110111111111011100110110101100001000111111100000101000101100100001011110001100011000011100011010100100111001111001000110101111101111011110101111111010000110101011110001010010011001100001000011001100010111001110101110001111010001101011011000100000111000010101011000000011000101110101001010110010111110111101101101000110001010100011100110111111100011101111100111111011001110101100101100101101001011010100011100010101110101100010111001111101100100011101011011011011101110100111011111001000
1100101001111001010010100110110001000010011111100001100011010000001101111101001011011110001100101101110000001100111101100100011110111010111100001011101110110010011100101011001001010001011100100110111001111000001000000100010001101000010110010110001100001011111000101000111111000100010010111110011100011000101100101000001100110101100011001011001100001111101000001101101001100111001000100100110111101101011011011000111110110000110110101100110000011110001001010010000001110111100101101011001000100000101000000001110000010011101110011
0101110001100111
0101000101110001100110001111010101010111001001100111011010110
10110000011010001110000011000101010111011110101010101100010000101001110101111110011010001010111101010111100000100101000001111111001011011111001000111111010100111010000110001110011011001110101100011101101000110101000100000110100001001101010000011000111101101101110011101011000100100000100111001001011111101000
10001111110100111100010010011101001011100100001010101000011010010111011111001001111010111110001111100100101000001000010111010011001011100101010000100010110110111111011110010100101110101101000001110011011100000001001011101100101100001111100100110001100001001100001010001100000011011101011111101101111001000111010110010000100100111000101001100100101000100000010000001010111110000000110111101111110100001001010110101100111001000111110001010001111101101110111111000101010101110111110000110011010101001101011100101111111001100010010011101110001001111111010100010001001000100010100000100010011101110010110100000011111001100110110101001000110011000010011110010101001010001000100110011101000110000010000111100111100110000000001000111100001100101001100111110111010011011000100010111000100100010110010100011110111101110111101101101110101000100110111000111111101010100111011100111000001100001001110001001110110
1010110011111001110010000111100100000110110000101111101001110000000001101010011101001101010011101010100110010011100101001000000011011110011111001110010000100101101100010111110001111110100011010110000010111101110011000000010000110111110101110011101111010010001100101111100001000101111011100010001111000011010101011000101011000110111100000100100111110000011001001101011110111100110111101000001111001101111100110011100010110000101010001011010111101101010100000100000111001010000111010111010101001111111010001001101111101111001011110001010111000000100111101100000111011000010101000011001011000110111110010110100100100001000011110101000011010000110100101110001010100010011100010000010000111011001101001110010101001110111011010100011001110011000010000010110111011000001000011000010101000110111111100110011
1111001001001101001000011001010100010011100111001000100001011110010110100011110110110010111111000110010010000100000110011000101101001010110000000001100101111101010110000011101100100010000110000101100010000001001101001001001010011000111000111011101011111001001100101010100101011110001011100101111110001000100100011001100110011111101010100101100011011000000101000010101101001001100100110001001001011000100110001110000100010111101100101101011000001111010111010110001000110100100101101111000000111011110101101001000111101110100011011011001000001011001101010110
110111101101011011101011110100001100110100001101101111011101111100011110011101100000000111110110010110111110000000010001111011110111101111111101111110000101010011111110011011010010010010011101111010110110101011110111110000001011011111110111000101011001001100100001000000001110000010110111101110100111111111010100110111010111001101111110110011000001000011000100011101111110000011101001000111101101011110011001000011000001100101101011110101110010011100001100001110110010100110101111111110010011100111110110111011001110111110110101000010001101110110111100101101010110110100101100110111101111100111100011000110110011110110011101000110010101010010011110010000000000010100000111110010001001101011000011010011111001101000111010010000111111100011111101000001110010101000111000001011011110101010011011010111100111111111000100010010100111010010110011100100000000011010101001110001010010100100111111000110111111100011111100001100011101011
110110101011101100111000110101100001111001111100110000001000011101010110001010111110100101011110000011111101011011111011001001101111010101000001111101110011100101001111010101111001000100001010000010111000100000101011100101110001110000110001101110110010110110101011101001001010000011111000100011010101001001011000000110010010100001000101100101100001111111001000011001010111111111101101101110111110001101000011010100101000011111111111110000011101011010001100001011100111010001
100100111011101001101101001100111110110010000111000101110001000000110000000100011110110000101100110010110001111101011110000111001100110101100000101010100101101101010100100010100101001100111011100011001001100101111000000100100000110010000010010010001100100100010011100111010110000100101011000100010011100011110001011000001100111110101101000010100110100000010101101110110010010000101000001010110001111111111100100101011000111101110111111001100011011010111010001001100001101001010010011111100101000111111111101010000010010000010011001101101001001100000111111010111000000100001011101000100000011101010100110111001000111100011001101100000100011010100110
00011110100100101111111100110100100101111000100001000001000110010001101100101001101011011110001100000111111000001110101100110100010100110101000000110110000001001101001100011011110110000000000111111000110000111011010001101011110111010010101000101110001000100001000010010001101001001110111010011001000110110101100000011000101110011101100001010101101010110111110011010110101010011100101011111001101010101010001000101001011010101001000100110010011101001010010001001101001101011111101101010011100011110101100101111101000000110110111011010100101011110011101000010000101101110110001000101110111100011001110110010010011001010000011110010110101000110
0100111000101111100101100010110011001000010111111111001101001010110111110101100000001100011111011110111100100101011111111010011011111100110100111010001110001110111011011101101001100000100010000101010000000001000110100001110111110110101100010111011000101001101010111101000110100011000101000110000011101111101000111100110101001001100100111001100010000110000000010111101001100100110110101010001100010110110001001010011110111100001111011111101001011100000000000101011101110101000011011110000010000010100110001011101100110101001001100111001111000010011101000100010011100000010101000010110011001101001101000010000110000001100011010110110001110000011101001110010001101000001100000111110000011100111110110110011010111010011001010111100000000100101000111010100001010111100110100100100100000011001000101100
11000000011010110000110000110100001011110011100010110001001111111100000101100011001101010100011001101100111111000001110001001010001011011000010011011001111110111000110010011000010100001101100111100010001100110001100101110000110010101110001110000111100110100000010111110011011101111000100101100000101000110110110001110001001000010101011000001101011110010010010110001101011001010011110001011001101110010001101100000110011111111101010110000101010111111000000010111100001001111000100000111000101101000010100101011011011010111101100010110001011001110100010111111110110010011110111111101001010100110010011111100111011100001011000011100110111111110100010101000100010000000101101100010111000010110100000010111000001111001100001001101111111011110001110010110011101010010011010101011010110101101010101101111011111010010011001001110101000011000000000110011010
011111100001010111001000111101100001101111001000010110100010010110001001111010010110111011100110000101101001010011010010111101001010111010011110010100001100000000001000011101100110011000001101101010110001000101111011000110111000011110100011101110110010000100100010000000011011101101111100011110001110010111100001111101110001100010000101100110101000010101111000010011001110010100001101001010011111111111111100000011001000110
0110111100110100010100001000001000110111111101111100111001011110001110110011111101001010001001101111100110111000110001110100010001001010000011
00010001001000010111010011010001111001001111001000010011101011000001111101010101011011000001100101110100010101101001000000011110100110111110111111010011101101101111010000011010101101111110011100100000001001010111010011010010000100111101000010111010000010111000000000110101001010010001101011011100101110010101001010000110
1010010111100101000011010001011101100101110111011110011111110001000100001010100011010100011001001010111000100100000100001000000011110100101001010101011101111111100010110101110001110000001011001001110110000010100100010111101001101101101100101011010110000010001001000110011110110111011011110111101011100001000
0010110101001101101101001110100000011110010011001100011011000010001000111100000000110011110010001000000110010001010000000101000110001111100000100011000100100000000011010011010001010011100100011001110000000110111100111110111001101011111110111011110000110001000010111000011110010010111000010001101100101101001010001001111100011110010110010001101000100001101010001011011010000000010000010100001011111101100111101000010011011001101011100011111001111101110110111001101101000110110001000111100010111110111111010010011111011000101100001111101001011010110110001011110001011101100011000101101110001110011111000000101110000111001100110100010101100100001001101001000110110010000001011010110000110001110110000001100001100101011011000000101001101111011000110010001010110101001101010101011111110110011010001111011011001110010100011001110101010010111110101110101010001101000001001101101001000100001010011111010101110101001001100010101011101111011101111000110110011011000
01001111101110111100110100110000110111110100011100110101110101011011111000111110100100000010001100111100000011000000010000001101011110101101011000011110001000011110001100000101010001111011111001001111000011111001001100111000000001100110101101101000010010100110001010011100010011100010001111101010110001010001001000111000011000111011010001011010101110101011101001110101110111100010011000100111111000010111011100101010111101100000000001100001001000100000000111101100110111011100011111110011101010001000100110100011011101111111010000110011000100010011011011110001010101101011011110010011010000001110111111010000000000001101000110110100000001110110110001100111000010101110011111011110111110111001010011101101001100111000101111010011111000101000100010111001110100100010111000011000110
11011111000011101001010001010101101000100011011010111111110111010011101001101100000001011000001011101001110000001101100000101111001010001111100010110101011100011000111011110101011100101010100110010001000010010110111111011000110110110100011010100000001001000011010010001101000011010100101111110000010010100011000100000111
0001101100010010000111110100010100101001111111101100110110110010100000110000111110000100001000000111101101101101001110110000010101100111101000010100000001111011001011011011100100011111001100010010001010010000101010100010011000000010010111111100001101011011010000111010101010101111000111000010101010110001001100000
101000010100011101000000111100100010001111110101110000000110101011101000101110001010011011110110110010011110110001011001110100101001000111101100010100001
0100101110100110100001000000100
1001011000011011101
0111110100100010100101110110110111110
00101101000100100110011101100110010111000111000111011110000001010011000001001010100010010001011000001010011001111001010000011001011101100110011000010111011101001000010011001110100000010001100101011011110101011111110101010110101010001100110100011110110000000001010010110001110001110110011110000110010001111110011001101000010011000110111010011001001010100001101100100011011100001000100001100110001010000111001000011101100110001101100001100010100100101101111000111001010001110110111111111111001011110001110100000001001101110001111011101000001000100000110001100010000000111011001001000100000100011011011011001100110111011011101000001110101010100100101011001111010100110011100010100100000111011010100101101100011101111011011110101011111011111110001000100000000101011101010011011100011111010111100010000011110101110111100000110011100111000000001100000101111000111011111100100101101000001010111011011011011011101000000111010110100110100110011100001101010010100
00001000100100101001110111001011010011111010101111101010001100100000111100000110110111010010010011010111011001101101001001111000011000000000111010100110110010101010100001111011100101010101100111100000000110001110100110100011101000000011101010100110110100110010001001111101100100110000000101110001010111011011101000111011111100010100000111101001101101000010111101110001000010000010110110110010001011000011011111000001011111100001101001111101101001000000001110100001001010101100100010111101001100011101000010100001110110001001111010100010000110101000110000100001001111111001101001100001111000010
0001100100000111110111101000000011100100010101101010001011011110010010101000111110000110100111100110101010010101111010010010100000000101000000000111110100100011011011100101011000100100010101011101010000000100011001001010011001010010001101110110111011110111000111100000011011111011110101001011111110101111010011010001100010101111000011111110010101101001110000000011110000111111000011100111011001110000100111101001
0010000110110110110100100010010000110010111010101110001101001100000110011110111010010101011100101110111001101111000100001100110010001010010011011000111001000010110001100000101001010011100101001110110010010000011000011000000100001100011010111100000001001111101010101001001011010110100011011101010111000100111001010111001000011100010010011011101001011000000001111110001101000001101110011111000100101001001011111110101100011001100111100010110001101001000100001110111100001011101001100101110010100000011111111110001100101110010011111000001011001011111111110100111110001101111110001000000110101110111001011010100100110110000101100010000011000001100101111110000010101011100100001011000101111010101010000111001100001010101110100100010100
1001111001110010000111101010011010001000100011010001110110100001110110111011010110000111101000111101010101101010010100011001100001010011100101000010001000000110000110101111100001110111111100100001000110101000111110001100111101111110111100000111110100100110100001011111100001011111000000011000111101000101010110101010111110010101011001011011001101011101111010011010010000001111111101011011100000101000000101111000011011010011100101000010001010001110000101110100111011100001111000000110011010011111011010100101101101100000001101001010000110000101100110110100011101010000110110001000000000100101100100011110110110110
101110000110000111111000011000011101001010111001100110111001101000111100100101111001100101001000000100011111011101110011101111111001001110001111100101010011011001010110111111110101101101011110100010101010010011000010101010000000001011111100000110010011100100010010101001100001100000011011101010001000011011001100101100111100011100
0001010101110101110010000101110110011010000111010011001010011011111000110001100010000110000010100000101101001101001100101001100110011011101001110010111001111110011011000110001011000111000110001100001100101111000100110111000010011111100101000011001001110111011001010101000010010001010011010001101011010100111010100110101010100011011101010011011101000110000110110011110100011110000110101110010110110000100000111010110110101000110000
0101011001110001000110110010110111100101000000011010111001110101100000001000111100111011111011101101000101011011110101010111000100101101100101111010101101111011000101100010110001101010001100000101101101110100110111001101000110001001011110111101010100101101111001110001001110111001011001111000100010011110111010101000010111000011001000111011110000101111010101010000111010101010001011000100101100001000001111011000010000111100111100001100111110101101100010000100000100101111111110110000000000110110110111010000101011000110111111010010000010001111111111101110000000111101000111010011100000110111110001100111100110111000001111110110000011000111011100001011010011111010100001110110101001011010001010000001011110000100111110100001100110110101011000000010001011011101010001100101101010000010101001010110110
010011011100110110111110100000101100001101011110010111110011000111110100011100000100000100010000100000001110000110111001001001110110100011100011111110010110111011100
100011100100101000011101101101000010001111010010001110000111110111110010010000101110100011001000011011000110001001000110110011111111110100110100010011010011101110100010011011010111000111000011000000110111101111101111101000010100001110101011000101000110110001101011010011111000001011100001111110101111000011010100011110110010100101001101011000000111100010000101110011011110110100001100010010111100110001011100100010011111011011000111100110010100000111110000011010111000000001001010111100110101010010100000111110101010100000001011110010110101110010110010000001011010000101001110010001011011110110011110011101111100110011101101000001110101110100001110000111111001000111111001001111110011101101101100011001000101101111010111011111111110111100110000100101100011010101010
0011001001100000010111101111011101001001011001011110010110000000111100111111011100100111011000010010110011010011000111110110011001111111100010001000010000101010111010111010100010101110111
1000011111000101001000110111100101010011011001000111001101011101011011111110010111010000100001011100011001000101100000000000011101000101101010001011100110011010101111110011011011110110111010100010101110011101110000100100000011101111101101001111100010001000010000000111100001011001001110101001011110010101000110111110000011110110010010100001011101100101000001101011001010100000011000100110001001110100010101100000101110111110110100111110000010111001110110110001110111011100100000011000010110110110100001100010010011010011010011010110000011110000011110
101100001010011011110111011101110011011000111010011001000001001011010101110001110100011000100111011111110011000100111001101111100111000000110111111110111101100011010000101111010000101101100101110101111100000101111111101011100110101111010111101110111110101100111011100001011110101100000010000111100100000110011100010011011110010110010100100110101110111011000110111101101110111101001010111101111100101101001000100011010111110100011100001101111110111010010011000010101100000011100101111100001001101100110001000011010111101000001100111100001000011111110010010010000100001010011001001100010111010110011101110011010110001110010110001010001110000000100010100001010101001011101011101010111110110101000110001101010111011101001110110101001001011101110010010010100111100
010011000010010101101101101011011111011010101101001101101010001001011000000111111010110101001
100011111101110110010110100110110100010011010011000100011100100011001011101001110001010001011001010000110101011111111101101010010000011000100101001011011001000101100111101100010001010011001011011110001011111010111010101100010110001110010000010100110001000101010111110000101110111100000110011100110011111001110110111111011110010100101000110011001100101011011111000001000111000110110001110100001101101011001111011000010011111111011111001101010000001100010110001101100000100011010010101100110001010111000011101011011010111001100110011011111110110001011000000110000101100100001100111000110101010100101001000011001000111001010100011011110100100001110001110011001001000000001101111111111001
1101100010110010101010111010111000101000101000011001010110011011001110101111000001111101010001111110101001010000110100011000100101010101000010011011101111100101111011001011000000111101001111111100101111010011111010000111010110011001010010110001101101110111111011010001011110000110010110100110110101001000100111000101010101111111101100111011010111010000110001001101110110001100110110010000010100101100010011100110010110101110111011000000001110011010001000111100010111101111000000000101110110010010001001001000100111010111100110101001110010110110011011110010100000101100010010101110001101100
100010011011100010100101001011110100101100111110110010000000010000110111000001110000011000100011110111111100001100000001100011101101001001010011101010011011001110010010110001100001011011011001010011010111110101111001111011011010010011011011101011011001100111011001011110000110011001011011101011011010000111010100110100110101101101100101100000110110100100101011100110101101101101101110110101000101111100100011010000011110010110000010000101001010101010000101111111100011010001101110010101011101100101000101101101100001010001111001101001011110101
1111101110110010100011110011100101000001100110110000001111100110101011001111101100011111111011110000010100010001001101100010101011011010011011101101111000000101101001010011100000010100110000111000100100010111101001011011011000110111001110010110101001011101101000101010001011001010110101000111111111000101111011101101010110000100111101001001010111000100000000000101101001010001100001101101110101111111100000111100101100111100111000100010011011110010000011000011011101100111111100101011011011000011111000000100010111000100100101001110000000001001010111100000110111101010111101010110011010010111011111011110010110111011110011111000010011101011010111110101010100011010011001110010111110011111100001011101111000100100100110001101011011011100100111010111111010110110111011000100110001111000001001101001101110001000010110110010000001010010101101110100000000100100111001
0011100100101101001010111011100000100101011001000000011011000110011110010000110110000001011110111010100100100110010101011100001001011011111011100101111000110110111011010010011011110010100000001000000100001011111010111001001111100100110010100100100111000011110101100010001110111000100101100110110110100001001110111101011100001111011100001100001001001101001011111111011010000010001110101000000101111000000001010110000001111101010000000011110100111111011111001110000111101011010011110111001111010011100101011000110010101001011111101111011111100001011010111111101011100010001000000111100000011001111110000001000100100000100110111000110001001111110010011000111001000101001101000000111010000100101110000100010101111010111000100000101010001111111001100111101001010001000110
1000010110100110000011000111010010100001010001010001000010100100101011101000011010001001111110101110000001100101101011111101010001011011001000110011110100010110011111001110001101011100111100010110010111000111110011111000011101111011010010001111001110100100111111110101010100000011010000100101101001101101111101010101011011000010011101011000100011000000111001101011100000011100011001100111101111000010010011010111010111100100111011010001011110001101111011000101110001111010001001011101100110100100100000000011111001100010111001001111011110010011000001100101110110011010101110100011111011001101001111011100001111101111110001100000110010010100011111111110101101000101111001101100
011001110000001010101100000101011110110100111101000100111100011000100001011011100110100101001010100010000010100100111111010111000000110011010011100011111101000100010010010011100101001111001011101010011011110110101001100100100111110010010110110100101101101011101000101111101100101001100000010111101011000100100100111100111001111001011111010001001010001111100011010110101100101010001010011100011101001101011100010000101001000000000000010110100111110111001111111001100001010110010110000011001101001010110010011111101000101011010100010011000100111010011110000111100101101100001010010101001000101010000010111110000111101000010010001110110010010000111011111111100001001101110110110110001010010100101111100011111100001100000110101000110010001110010011011011011001110010000001011111001010110111111100111001101111001101000000000100000110010111100101110101011010101011011101110110011010001001000100111100000111011001111000101011010110001111111100001010110011001
0101111010010100101101100101010111010001011101000000100000111111001011100110101100111000011100100011111001010110101100111011001101001111110001101101001110001001101000101000111110001100111110011011101000000111110011010010100011111111100010011111111011110011000010000101000111110101101000001000101100000100001100110010011011000101101101110010111111110001011110011110011010011000101000100100000100100010011101011101110000001001000100001001110100001000011111100110000111100000000100011000100100110101111011100010101100100000100101101010111100000010101000110000101100001110011110010101100010001010110011100110110100000011101110101010101101100101101100001010011101111101110001110101100101110101011000000000010011111100111011100000110001011011010110111011011001011110100010111
0110111000101110011010110110000101001101101
1010000101001011010110001101011110100000011001100000010101010100010101001010101111110010000111000010110000001010011110111011011110100000101101001110001001011100101010001010101010110101111010100001101000101000111000110111010000000001001000110000101101100001100011000000000011001000000111110110000000110111011111101101110111110011001100100111111001010100001100111001101000110000001000000010100001001100111101000011100011111011111001101001101101111100110100011000011100111010000001010010011011100011001010100000001011110010100010011110101111011000111001011100110101101001010010111011000000010111100000111000011011011000000000100000010100010001101111111111010110111011110111111100110000000010011010011001101111000010100011010011111100110011000110111000000111100000111011001110001010111
01001010100110111000101000001000100101110100000110001001110011110001001101001111001001111010100110100111000000001000001111000110110110010010011110011111100011110100001111111111000001110111101001000110110000100010111111000001110010111110101000100101001000111011100100011001001001111000110011001011000100101010100101100011101000000000010100101100111110000000000111001110000101011111100110101101100000001010100011100110000110011110100001011100001010001010110000
011100101000001110101010001000101011100110101000101100000001110000111101110010101011011011111110011110001111010011000111010001011001011101110111001000010000000111000101000101011100100010
