231
-217429
185720
77160
-137533
216600
-69287
114729
-198265
18696
242178
-116989
177774
44730
236810
87331
222066
-8730
-46365
-68217
-150645
237367
28822
-113469
223310
-144026
-4080
-121800
-116946
-198092
160267
-184720
68367
11368
-37427
-187025
15670
217046
-143461
-113960
50383
243961
211329
-165257
89971
222138
203537
-23321
201628
21642
108878
141075
-127209
-88089
-80567
237622
22829
-168559
-129628
237838
-127664
-16233
91013
89697
61739
120396
-83903
-223778
20263
-18043
-193236
-28215
-242934
-68031
49694
141234
-71095
-161328
-95760
87627
150596
240777
-43401
-159446
167082
1755
-155122
-175556
-31311
-76792
60877
47766
-139752
-163928
181144
1545
-33170
85243
52633
221227
39712
66102
-187778
-3510
-55123
-201927
-212324
-240381
-34964
-191959
187635
-136592
-88119
82205
34089
140077
102486
167058
193247
-28456
16655
128580
-195598
-115882
214217
-148055
-194358
-152450
79990
122526
48995
-158492
-227091
237104
-209985
-154390
186375
137303
71032
186960
-12912
-128171
-59908
222712
-238100
195603
-99917
-75484
-175828
58268
206839
-205493
-117208
-131786
-163347
224771
153146
-142702
230635
54203
237972
94663
-91596
-193986
-123565
-70851
-74277
-69069
-42151
-41769
241107
-240151
-1777
-17081
-193568
-171451
101706
-138960
-237686
-160081
-167267
-23614
238858
49290
74006
183665
151158
-83037
218035
-159358
47764
-146734
174379
83712
164345
-172977
10595
-95765
-31757
162527
-165789
239744
-109073
-61791
232212
102284
164526
223557
22109
-48628
-189618
-2530
-22566
142285
-242186
-172986
44017
-103699
128498
-80298
147581
-83949
-96665
105941
140699
-25200
193995
101463
120491
19684
-109001
-193700
61869
-120922
199378
211075
160636
192622
-230915
-163884
52479
-13062
86291
18087
-193641
155767
-24850
-239083
-58028
-164204
-114366
-118339
-95704
44996
-192218
-169101
162373
80024
31521
-142907
-231851
242973
12041
226789
-160679
23333
106321
76097
-240207
175616
232843
165185
216181
99424
-150137
-165357
-28906
-238281
-173069
-139279
90326
-112582
193730
-89638
148686
34345
-229904
99746
-4133
57203
87841
219877
-161662
-135127
125423
192685
-17810
10469
74005
232775
-22434
172812
158703
138912
-24215
172526
-83307
223011
-3057
-188054
-224473
-18874
229604
-242490
6594
-60592
-109574
-201634
-28364
174531
85451
-141623
-17181
-41352
5065
-126830
-213622
-127626
-243197
131982
211792
-171419
-53825
-113668
-146816
-52972
-89188
27949
239921
9844
155897
40519
-101734
-233130
-52928
179403
138819
31069
-10035
-171754
-93869
-62723
-216143
-106350
-128362
139294
193104
-15474
76319
-71046
-102297
-136276
93821
100574
-138183
221039
-127566
63744
30542
241235
-85406
-48054
169236
54426
-228778
-223386
138209
-100166
232021
132418
-49414
-106189
-17033
-200521
171718
-21023
-222717
-100716
81866
66135
-135584
243419
208316
74276
10169
196595
-68758
-125023
-19640
-209804
192201
33312
68160
216523
238269
-111771
-81881
-188939
-206747
46670
-18429
195230
57219
166040
-215178
-172997
84913
5011
-209505
-239779
33832
191271
-103944
-197978
-96670
147129
166730
37474
148233
-235709
-162339
-223373
98623
51388
-222441
86246
118548
-206014
-105573
230261
-242400
-170872
198272
10883
-118154
-139464
-224451
-83044
53905
-201243
225459
214105
-172159
-5586
139728
216270
146839
127161
-154253
74740
-88592
-165681
-122412