78
967
66
278
47
705
1084
277
381
1141
308
251
13
1187
1087
164
553
189
9
1214
939
988
220
230
768
531
136
335
195
264
206
615
804
361
454
952
994
394
719
139
86
43
492
574
999
500
815
1110
356
416
406
1116
1015
625
756
1045
846
258
200
822
364
1013
1198
1160
49
725
1227
15
1078
19
101
180
254
838
980
623
137
1056
875
1001
792
1231
97
58
1045
822
79
814
804
989
596
903
1100
638
211
538
670
930
370
68
448
1174
242
756
663
245
1218
860
212
1031
423
511
1103
956
533
1229
785
917
34
904
1089
623
408
99
912
119
433
519
1079
720
709
85
800
497
483
914
720
389
197
1112
30
966
1160
887
475
1136
210
1022
912
475
945
459
632
405
874
986
458