8192
285
491
1464
707
777
340
1095
924
414
1059
909
848
796
900
13
647
493
1096
1005
645
212
327
65
416
605
1334
48
253
1209
1030
1222
461
1531
1210
101
1149
861
394
213
915
1504
506
435
215
474
262
64
793
1422
1391
410
651
853
34
1173
1527
19
898
389
97
619
201
504
1272
1089
461
130
1262
654
73
1330
1454
997
1334
1224
1086
1115
952
1276
163
66
814
732
280
759
245
1009
327
1181
667
528
389
480
27
660
498
338
1520
734
1102
64
1319
533
219
857
921
66
327
1047
159
1528
1453
39
976
1318
1547
1412
398
776
100
1457
1053
174
486
407
607
802
328
743
881
254
1389
926
686
1039
671
513
764
1115
395
1254
767
396
872
1322
938
860
951
969
899
812
1065
1457
741
1047
13
839
701
888
841
41
1038
349
626
1081
270
1293
1391
1268
991
1358
1243
1157
1327
424
1533
88
473
262
558
1188
1203
1292
1514
757
502
386
875
583
503
49
42
662
133
1507
88
834
1546
345
175
1516
251
689
1052
724
204
92
1488
1070
764
468
684
631
1169
1481
1493
727
774
188
223
1200
1105
766
81
978
1392
733
749
1294
3
171
292
809
1292
1543
592
562
1099
1409
1134
688
1009
269
153
1100
1113
978
109
795
1180
194
173
84
159
133
1019
518
1059
1551
1022
751
121
232
1312
1032
653
559
1020
386
1182
1142
1251
599
1214
530
640
1562
1045
1183
1167
398
1233
1227
131
40
1423
1183
475
145
213
1155
763
1364
452
470
6
1075
640
905
974
623
913
787
1116
89
411
1144
401
732
89
61
267
814
1032
1526
813
795
985
66
666
701
77
858
859
1364
475
1307
672
1128
605
86
1031
556
575
607
371
405
86
902
155
1111
85
984
871
507
1077
1556
544
1033
375
944
1545
1262
1127
1453
644
1038
640
115
885
1287
1292
1295
275
888
1446
1301
219
1139
1533
425
1503
1490
1401
799
923
943
1463
846
270
972
1381
703
1177
3
893
371
1321
1513
1531
575
179
1152
527
1332
1215
1063
982
86
692
971
321
1067
120
641
164
271
427
1209
926
1273
1079
559
822
1178
1477
84
1542
522
940
30
1534
718
516
235
120
1184
873
643
790
1214
1147
481
966
674
297
338
335
1420
1472
1066
1349
1068
885
123
893
601
267
530
1497
104
672
503
320
224
374
1223
805
395
893
627
1498
637
81
747
770
1425
1210
1303
409
424
878
1046
837
914
187
744
234
1527
473
570
714
1488
752
1376
974
1402
1391
449
988
880
170
434
532
1508
668
1281
116
655
725
1122
1290
1111
897
211
412
80
58
116
1147
270
206
693
208
1409
254
1152
166
516
867
780
318
1153
785
1539
610
1347
1366
701
188
610
1477
911
780
474
399
651
1143
1422
569
798
1429
1443
1219
1302
1415
1291
440
1412
1506
1086
429
1367
344
484
71
672
1311
1221
284
842
520
680
235
1389
709
1503
227
570
1361
518
599
211
866
621
799
46
1441
411
1394
655
545
1119
1178
1106
615
254
984
140
847
1087
940
34
1181
1097
516
537
10
952
1304
985
18
1316
938
1467
659
1078
588
198
1105
685
1459
218
1561
1305
631
444
79
702
964
1049
369
558
1150
1535
1157
346
488
1464
824
200
1448
687
747
242
656
895
194
919
394
1435
658
216
1501
400
143
757
350
1244
1517
1165
1366
1330
990
170
407
1502
1324
1050
1007
564
513
841
1160
971
1094
916
915
388
597
427
839
96
1372
620
444
677
28
1249
609
973
637
788
27
417
684
1247
751
1024
823
590
328
182
183
1020
464
1244
532
1243
289
184
1471
967
33
1295
1516
1554
1123
1240
1137
422
794
1444
394
1339
255
1444
369
497
1418
425
647
488
902
64
564
1272
419
396
1247
225
1315
83
253
545
1556
1145
1120
1038
1559
1480
943
56
111
573
1146
1269
878
813
166
1209
1010
922
328
1268
1336
1198
177
1169
613
1278
809
418
8
486
896
53
170
317
1507
1506
953
657
1179
1388
225
871
949
431
810
450
1398
299
902
324
653
1095
143
183
488
1075
640
266
265
1271
474
568
402
865
836
1
908
436
1010
377
1097
987
54
521
782
1254
1042
1364
335
222
1122
1508
1308
1342
584
145
666
1013
1550
910
1133
707
1140
965
73
621
246
1316
449
1382
331
1390
1350
1381
555
425
618
1403
942
1379
411
13
896
1039
400
1023
260
1365
307
1010
597
1465
169
742
247
1084
1264
498
871
736
1157
369
59
779
579
734
105
907
1476
1001
1477
515
284
112
1032
913
1046
1044
133
1322
574
728
1046
1455
1347
178
221
1242
407
400
1427
952
1430
1315
1063
115
386
1484
1138
824
594
1073
588
597
46
1519
34
542
1221
1313
744
525
1277
565
257
619
39
1543
262
1487
1320
1431
441
983
1547
230
1038
850
738
1524
1129
1281
1264
608
301
1210
508
1279
1085
293
649
743
779
876
393
1361
1154
1261
861
239
1462
683
1124
1285
675
280
1158
61
764
825
1440
440
1273
337
758
704
838
165
1160
359
26
487
423
1284
1002
1160
1353
594
1408
1227
130
1377
109
1046
1343
1302
931
382
902
1005
859
651
1145
1529
1396
1384
1113
271
435
755
624
587
1045
158
1243
1371
1349
1516
1310
1454
1267
350
1554
155
41
1396
1259
343
897
106
801
614
1468
569
1344
184
1298
1026
957
1238
398
84
601
633
1195
481
193
1378
246
173
289
1101
1181
529
980
104
1020
903
1519
1412
778
1378
359
947
938
329
1025
435
606
834
1233
44
1515
1020
50
1482
1406
1060
1407
1112
806
22
464
955
662
1560
74
261
330
1091
909
1297
1255
748
1481
1207
854
1051
579
1493
799
272
610
160
1196
772
799
1254
373
786
1229
1365
42
274
1402
307
388
1465
991
1063
1381
373
1054
518
1450
742
1290
1363
419
919
114
1306
198
421
692
1113
1097
348
1219
744
1352
58
87
513
191
738
1184
228
58
896
551
237
879
755
357
78
923
562
810
1356
229
1449
469
781
576
351
470
1420
1042
676
1529
1062
1347
709
283
1034
116
662
241
304
514
1501
1011
1007
283
1006
125
624
124
1389
876
1243
799
908
1510
1385
420
1392
1274
450
1306
302
1273
29
499
453
1104
739
691
350
416
860
342
353
428
1155
1196
251
649
499
838
563
1533
1190
1170
62
10
1524
1560
1449
1410
958
1257
384
1100
1524
525
1065
1161
945
692
403
949
841
84
442
87
294
412
302
206
502
129
500
1461
1223
1053
1295
1230
177
64
670
1080
873
1397
1523
612
1558
1274
409
256
1007
697
885
349
295
84
1232
1383
959
1340
1109
109
191
248
728
193
272
566
306
673
591
389
880
82
719
1061
210
1223
217
356
837
1249
981
203
1284
1433
1434
994
903
65
1032
493
182
1502
497
104
140
1179
556
82
430
249
169
271
294
324
1509
582
715
230
1505
663
43
784
1210
1470
547
1149
1309
900
1273
769
103
398
519
1368
1517
1470
1336
284
360
35
1531
363
632
1237
407
560
198
314
38
247
92
1138
415
407
989
1197
136
585
157
1547
30
1238
492
1296
450
1354
710
751
1198
381
1342
257
575
433
986
1216
839
399
738
870
727
704
217
245
138
1302
861
398
1131
869
1101
1214
376
161
1360
364
500
755
1055
1062
553
354
1444
501
276
1060
168
444
132
294
405
1435
930
836
1150
733
1235
1256
918
303
1348
137
632
778
1179
476
124
599
1385
85
509
272
720
10
572
830
1068
964
1315
413
135
425
433
976
595
1000
482
1518
852
1539
1281
687
1169
866
811
236
592
462
132
310
362
1489
1441
1167
217
1434
813
494
1552
439
775
162
120
1057
1470
1518
273
389
1237
350
1197
1311
1409
780
1522
407
37
1241
1242
509
520
246
435
809
855
768
602
81
136
1315
1444
262
191
685
919
1532
983
966
1454
1499
1213
309
963
774
919
104
411
1490
852
849
892
697
672
590
546
1521
329
1300
1057
1319
536
455
455
258
760
516
1191
63
1541
583
269
1383
1131
1237
44
146
496
914
535
1212
1208
592
1291
489
425
705
403
921
672
829
1115
942
947
743
257
1070
1178
395
1350
430
970
1291
571
533
653
498
487
529
399
140
563
905
1044
1095
1415
808
1264
251
1056
1017
1327
714
316
1497
580
903
1374
649
922
470
188
6
888
523
891
1102
767
123
1491
286
377
35
674
1187
1531
470
821
1217
416
0
1304
1195
715
714
464
249
811
1424
296
928
391
64
1229
467
380
690
759
94
1465
370
1510
1503
922
213
1445
189
475
765
873
405
919
1112
862
309
1143
443
1077
299
130
186
1367
1232
1339
1286
694
1270
649
1521
620
829
13
1488
1531
848
649
964
17
731
1378
1542
136
640
1016
351
1390
314
678
615
1230
1378
797
142
981
1255
22
522
1531
1130
824
192
209
503
924
306
1090
162
408
271
307
1444
532
980
1281
974
907
1055
1031
488
692
1099
255
156
587
499
1193
1211
1417
756
500
677
703
634
440
1358
1002
759
348
1352
210
5
818
212
1097
1433
17
1155
1092
1330
491
237
505
77
1499
1470
297
1340
1362
1261
1473
62
1491
267
1272
968
1091
763
43
511
333
994
1376
1287
818
567
5
1281
230
648
915
1181
736
548
1344
6
80
928
507
820
30
583
1031
873
268
371
175
1286
1121
653
571
1483
1346
1385
1020
158
1049
1547
264
438
719
903
66
487
1089
1525
252
169
387
612
1265
778
1243
46
884
964
1037
54
1378
364
872
828
364
1011
153
800
402
175
783
418
897
101
324
1267
320
290
804
419
234
318
1152
1510
751
587
285
370
197
1375
336
434
190
9
58
1400
1312
971
618
893
1381
286
1015
880
544
401
662
994
798
178
510
1181
303
832
148
935
773
506
909
869
710
1056
1482
1103
292
902
676
477
1445
553
1026
748
167
649
493
706
132
50
607
1491
1404
879
1190
1244
1443
950
640
36
1229
49
854
719
1246
1483
359
548
629
259
1228
288
1522
335
72
1464
653
752
1212
553
377
958
568
1076
1404
124
1016
1531
1115
672
35
383
356
1054
1462
331
78
981
923
1399
1189
916
107
944
186
47
660
1466
835
892
1254
140
624
579
1127
291
1204
85
648
338
1443
1022
1097
1026
86
1230
214
711
1547
1449
623
550
1383
238
590
581
893
1221
8
1134
362
291
379
277
764
640
1517
1297
1270
883
1513
20
1474
146
959
434
978
1519
851
1366
550
1168
1537
1265
1342
1385
1091
531
1448
1203
907
390
333
1535
670
1067
757
1051
1198
222
1350
328
465
1362
292
888
1161
605
788
925
149
528
357
228
1260
1536
605
596
792
839
101
66
1003
638
1186
1442
351
521
819
1341
1389
142
1070
948
131
1189
531
769
1199
428
616
1371
987
812
327
1049
1019
500
252
905
1078
775
893
1513
1217
213
829
1206
1105
530
161
1209
100
177
1290
147
850
962
574
1537
704
898
949
589
1129
1172
1101
311
1052
787
731
1142
923
1084
212
478
59
230
1073
645
503
49
88
934
355
284
1124
1201
894
1061
1226
79
1207
1454
35
1020
561
389
16
365
895
1447
1214
458
376
620
295
1519
1446
656
860
523
1060
859
598
715
328
1530
334
1475
430
1296
399
73
842
1262
1390
1505
346
729
685
1074
1425
86
1512
1194
98
944
297
393
1485
154
1318
801
1008
901
706
1103
201
993
143
1236
150
1241
1448
517
796
1012
560
729
1180
446
1014
1216
561
756
1327
1418
401
1201
1142
496
1119
1560
191
228
982
1110
472
1038
687
1002
756
922
1353
1248
1354
1325
1467
804
1238
925
102
165
44
1132
1221
1522
617
837
549
881
1041
1030
1456
1082
1092
1154
374
168
868
812
639
991
537
1016
976
1077
753
645
285
678
1444
625
1440
473
1402
368
1549
318
547
1283
1495
700
586
254
1381
140
933
152
1413
593
75
822
236
70
835
120
1043
1308
1097
723
103
1352
1324
625
814
191
375
1550
1541
365
245
330
49
443
767
821
435
1321
502
1171
50
1136
392
62
363
69
659
1230
819
148
1118
61
540
1228
1322
497
633
643
975
1134
405
1409
181
919
896
334
877
632
1458
1007
424
654
72
381
939
423
657
211
45
1444
56
1345
514
1456
1027
1277
1146
1218
1507
648
317
1259
492
61
853
184
528
1368
823
1163
766
1082
1093
503
299
1207
1209
811
1324
771
403
661
176
982
576
657
555
432
1293
283
529
1529
521
681
761
1316
1460
541
781
264
415
22
857
1245
610
1365
636
1399
1263
1185
81
752
448
964
312
33
677
579
1104
555
518
411
216
1131
714
975
256
932
768
1195
1557
23
342
1290
946
1497
2
509
756
699
532
1078
1224
209
93
1305
1364
562
202
1312
433
956
926
1451
489
385
827
1085
1197
897
1012
526
405
825
559
1514
146
1247
984
286
238
638
1236
143
116
660
793
1006
899
124
800
55
1333
1142
1233
901
700
80
607
1118
333
1420
1471
888
1405
100
679
247
311
1370
866
719
1248
11
1246
1067
202
145
46
41
1046
790
1455
412
808
1482
1107
181
868
1131
790
1420
335
355
292
165
1482
1195
1219
1359
1421
454
563
648
1556
380
1201
839
1118
175
1253
23
340
805
454
1166
1175
1015
973
1225
369
439
688
53
1254
1136
61
391
138
635
947
123
1263
966
55
78
887
1394
792
668
1301
271
564
1440
833
874
998
219
1082
617
110
1001
397
319
1211
362
1243
517
160
819
78
7
854
1263
771
1535
7
1000
39
1457
1530
1536
966
406
649
869
282
1026
751
1145
1540
791
1347
333
310
1396
1531
583
621
22
934
1019
1115
1523
982
714
1532
1259
355
1446
739
1067
261
1110
724
1284
1349
380
906
941
1132
517
307
9
1520
347
1420
1436
1457
1218
1521
821
1245
509
199
1081
687
1279
224
779
1114
914
199
531
1361
637
357
186
5
716
1186
404
1450
415
1483
601
1033
343
774
380
39
274
819
1212
663
65
446
1189
1244
1165
377
1369
1397
1098
172
342
1151
850
739
1287
95
144
330
845
1357
172
92
86
358
793
17
303
1162
1058
681
909
1310
1031
1233
1291
1094
790
661
1024
685
193
374
330
682
1222
388
137
855
284
1512
288
1394
1002
1052
940
1245
1238
1184
526
1055
708
444
550
242
894
991
1311
338
443
1306
266
670
892
437
1197
1205
357
633
940
14
586
27
1391
260
1294
229
54
667
1418
461
11
1109
335
15
449
1264
489
373
616
732
1381
311
644
1528
94
405
882
779
649
1086
221
1189
1259
759
651
573
705
284
1299
617
61
434
1334
679
752
1427
83
367
722
323
1450
278
793
316
1144
1036
1413
389
1082
881
1218
233
852
1301
920
551
584
185
1544
406
1031
874
790
1409
435
604
864
771
890
109
1178
1505
544
735
1393
1467
1371
634
909
262
332
1140
611
131
1116
487
519
1119
1103
1209
479
819
1060
668
1381
729
648
251
1091
508
1467
1229
1371
1124
591
1316
1403
1132
119
610
50
656
1213
1266
1316
71
1280
304
1562
1517
171
1307
1381
1501
158
1259
238
153
1302
55
318
1380
324
1199
1164
1379
1487
798
89
32
973
814
792
1292
506
581
277
1434
1134
823
1295
922
512
424
1087
654
1553
878
1094
1416
1131
589
746
454
310
742
801
403
974
47
966
1525
844
1151
368
969
391
544
1400
651
1327
47
1307
1225
1495
1124
1371
338
1018
502
489
797
952
1363
1002
1394
1216
324
1148
449
1561
833
1180
271
44
843
921
571
612
1136
387
1062
138
1446
341
1337
692
1000
1371
517
198
897
610
508
231
559
235
1392
1328
28
1413
1037
1219
749
588
1323
636
158
1178
152
1001
280
1304
1523
1289
557
1040
1315
316
1112
833
1403
1379
1289
1122
242
656
637
2
1245
1079
1130
657
317
1553
108
151
944
113
106
438
528
959
570
1184
635
1451
150
1128
1152
847
1433
834
1107
593
1410
1293
883
384
1139
479
33
1263
1069
246
985
244
114
546
1052
1216
1488
70
889
524
775
102
76
430
339
234
318
1101
322
1331
692
1230
1204
1454
412
788
1073
1513
1394
1203
577
356
1253
1381
513
1339
1484
757
797
25
105
568
991
88
63
365
110
1416
1455
419
626
730
782
294
1212
1368
772
1125
913
1147
627
544
127
1364
178
126
1332
1064
241
655
1254
691
495
34
362
1499
1544
1562
633
969
526
1257
468
895
794
716
1176
195
1040
852
1427
479
79
1317
90
196
212
998
761
1553
476
172
569
803
1063
942
249
142
1011
1485
981
855
324
1502
457
658
1184
751
735
509
892
650
992
923
1031
522
1337
252
206
1303
335
56
877
1130
1159
413
390
486
1062
572
351
1263
125
914
1130
329
272
994
560
656
1313
160
670
885
454
1063
1382
672
473
1369
99
324
741
965
263
289
309
703
796
468
464
1061
1102
678
927
1105
1345
241
1400
844
187
659
741
866
647
1237
1369
246
768
309
1476
592
850
1319
259
1128
710
674
678
954
1398
734
628
204
343
497
138
341
400
665
635
1013
332
1121
296
8
1171
793
1330
175
689
575
1558
19
575
1523
69
1357
1343
970
190
729
289
1466
831
628
348
785
444
782
881
443
1233
869
728
1227
473
846
375
1195
265
756
780
353
390
1191
1062
420
1448
418
1183
1464
1392
53
793
605
23
1225
1509
204
1433
1068
1365
805
1070
1047
1327
20
495
1395
1226
767
780
230
1097
1106
649
560
1262
1546
386
1071
114
629
605
194
484
580
489
862
1409
664
1541
30
659
487
81
870
1268
1459
808
1055
496
59
375
982
1227
715
784
973
1559
1219
1026
109
316
265
312
547
1002
174
1253
758
1267
10
1012
505
1121
1071
405
326
403
328
129
69
1264
914
870
76
621
1528
664
821
1473
944
876
826
1460
20
884
854
1378
373
43
563
1463
575
806
48
46
826
994
224
981
1489
143
274
27
777
1072
466
95
376
948
510
1017
1115
1495
109
1534
297
1144
1303
876
1524
364
121
332
617
1134
1391
1313
68
100
153
1148
212
200
1347
224
828
1263
797
1075
1043
1091
1306
1094
491
1034
373
1436
200
1273
446
1352
1053
1247
402
650
1395
649
707
1138
1320
156
745
1390
869
1355
180
380
220
1218
1174
530
1190
1120
73
1314
958
367
684
369
894
1197
1
559
409
681
942
227
30
825
83
1188
673
201
1350
1377
658
1134
1008
265
1151
1418
203
744
1422
43
537
692
367
1518
791
168
1130
905
1432
779
1426
468
610
499
136
743
738
192
1088
1111
1286
1071
446
1553
906
1378
1423
213
723
869
1188
682
1006
526
336
1013
134
714
1154
1103
754
1
700
85
35
6
1329
862
614
1220
649
113
1523
1218
893
633
228
921
565
524
967
800
1516
665
89
680
121
1516
575
944
289
581
84
1035
233
1294
109
98
121
1468
104
1278
384
4
182
489
1500
1218
810
1546
479
1218
249
487
1500
1221
792
479
548
126
1146
1082
39
443
19
1478
1371
1363
1403
1075
1154
140
721
1361
60
1408
1181
146
161
839
1199
212
447
529
247
809
792
1265
1062
1493
530
1217
1418
313
1144
8
1539
771
603
129
1118
637
194
886
167
704
525
1350
301
1172
739
743
580
557
1395
14
671
35
586
1242
820
1167
481
725
1443
736
108
1328
361
1026
180
127
571
237
716
503
432
1449
1504
1036
1494
913
105
453
26
728
881
1191
320
647
633
499
1431
615
272
1163
911
1449
456
499
1053
42
598
1531
185
1558
1068
604
858
1489
929
376
1291
92
710
426
2
1361
1292
1393
31
358
1306
862
715
418
525
426
1105
514
545
968
813
1176
11
298
1505
483
1238
800
1157
234
1003
1251
1185
742
1395
1161
1416
309
981
505
1346
1374
1190
38
167
25
601
122
1000
313
1306
452
741
980
855
233
594
856
800
1088
443
1344
1032
646
1000
743
153
1204
1025
58
268
817
737
614
399
1255
818
217
946
1130
1479
828
663
1189
559
1558
773
725
155
1318
230
416
102
113
1142
1334
381
1545
1035
284
113
902
1519
586
444
816
1468
1314
1403
567
195
98
1553
674
931
830
41
336
210
1371
387
892
221
632
874
1551
698
1033
1033
1485
835
318
1111
1238
1362
1174
64
565
1098
190
642
585
1490
769
763
512
162
689
934
838
253
216
136
469
777
873
119
1530
1168
1413
842
45
813
843
123
323
759
1205
141
941
311
1171
951
8
895
165
1236
253
24
716
1226
1558
426
1435
1008
1330
42
1243
1299
1023
434
514
1287
84
971
1421
1239
546
418
52
618
1402
1336
84
118
797
95
258
1382
1448
1329
589
161
1036
743
838
62
245
747
1148
503
244
356
185
92
406
531
125
771
681
1376
945
1093
1077
1136
638
1211
174
1264
1051
904
1037
1528
800
1046
159
457
1292
911
796
1425
1517
1025
99
718
1402
633
1052
524
688
1264
1231
1245
1274
1246
575
1092
542
1506
1195
739
473
214
347
473
1165
690
1030
995
145
1214
528
825
1213
650
1074
948
958
1152
1050
607
249
207
820
277
1133
275
1335
92
1356
1287
1236
993
542
1516
1530
1236
153
1101
566
1437
1019
522
520
530
599
130
1075
1154
942
1446
2
403
334
601
1265
1427
1014
473
539
271
1210
907
1301
1515
797
528
538
991
646
1217
207
82
59
585
1027
154
582
1445
983
50
1489
720
481
213
96
1019
733
1026
768
1333
425
332
1516
29
283
1232
422
485
264
1154
1132
707
372
629
717
1382
1421
76
1449
908
401
370
789
834
285
1124
1000
938
563
872
990
952
300
1091
75
1333
1043
619
1361
185
146
793
111
993
985
440
528
1401
1157
189
890
1402
634
1496
1459
1163
1265
670
691
678
1518
210
838
786
372
214
333
1265
940
576
899
1554
683
24
454
102
862
1497
1486
493
757
51
931
1523
1056
451
232
1345
1448
608
27
1302
1060
113
120
1226
1454
1054
267
892
1541
411
797
889
1161
1173
180
1034
913
617
836
922
1526
899
455
1057
504
111
1486
1292
691
957
677
730
1344
1114
1029
86
784
1409
1447
552
60
302
75
1106
685
1307
228
1361
498
1110
17
416
489
1361
533
795
1052
1275
1028
586
157
1421
392
734
1293
1347
35
748
624
1451
101
574
55
57
704
1335
1081
307
1504
918
436
109
1465
361
54
257
1505
956
59
1562
671
583
572
264
1138
1110
1558
1123
81
1284
350
685
751
921
795
781
985
883
560
8
1127
109
581
1190
547
583
920
295
429
341
1350
786
1451
569
846
1487
871
1218
1519
162
850
812
873
734
1209
1249
787
1075
84
1378
245
221
20
978
623
295
141
833
364
625
524
125
1341
658
1484
116
1459
924
683
1247
1184
670
214
1501
1320
777
1051
507
264
370
842
37
362
998
1108
1480
292
1554
420
1349
912
882
489
539
1561
1253
929
516
1295
378
110
322
885
241
1508
530
853
339
203
165
457
1081
1135
1393
632
860
191
1394
1017
247
177
1214
689
946
151
1447
662
217
1454
902
847
969
232
1421
726
1063
555
327
850
333
1364
1532
738
1335
622
369
1088
1227
725
922
116
1179
528
243
764
15
311
1281
1374
855
1374
801
1194
1328
1532
939
209
987
1096
1076
38
1101
445
1174
851
330
798
1128
221
321
656
725
1043
564
788
950
1039
407
80
542
1077
1253
12
577
1410
1303
231
513
895
281
961
68
1037
1481
1082
81
1261
1425
745
1553
812
474
378
1249
242
1180
368
491
270
25
980
572
947
600
836
1342
836
363
1400
187
1475
434
1010
1184
294
985
1434
33
950
802
48
85
1004
515
662
65
933
415
1342
821
49
726
57
376
869
10
1122
1463
924
586
302
55
764
598
564
633
76
924
1128
25
204
1123
1099
1291
1380
185
496
1466
663
658
1068
550
484
407
868
78
1500
545
675
946
1279
1022
431
1339
446
1027
243
1178
363
327
1468
19
154
1545
300
1113
225
138
496
149
1202
606
1351
447
847
683
921
1288
531
198
1420
314
551
339
1120
712
448
335
742
200
1331
827
1137
66
30
671
1315
552
592
910
1119
1054
1548
956
79
315
1012
1191
183
133
310
1054
661
171
128
267
209
582
673
510
1304
1159
437
430
1065
550
1477
715
363
998
1154
1449
656
138
1206
1515
1186
722
668
919
1002
1036
702
1148
1155
803
547
369
1181
759
1137
1342
1222
1237
1332
974
1118
417
741
1027
916
1392
1513
637
994
1213
1346
1074
1367
263
983
836
951
1078
1334
1455
934
295
745
1277
1545
731
1372
1416
1175
388
964
47
1058
501
1027
1345
617
1051
579
1373
383
1282
152
1320
1348
1411
1439
1305
1432
1342
1004
817
379
717
1127
684
1007
841
1194
450
1309
1369
1135
1355
1044
904
1160
941
244
881
687
956
679
1126
629
292
112
1292
1182
484
862
726
687
451
811
685
1211
1350
1293
687
770
198
22
1263
952
1290
1387
358
472
1001
330
61
171
892
595
329
982
1478
1159
633
383
1229
366
1411
894
72
26
1031
609
890
527
1048
114
48
934
537
1393
133
316
599
579
922
404
1457
166
1355
1215
1282
299
1158
488
1045
1057
130
757
105
102
504
714
114
1429
448
1115
302
455
761
262
1217
1235
1053
1298
705
601
1135
375
1111
468
503
534
586
815
313
1408
1516
1047
32
438
207
165
356
1259
585
1345
1284
1057
1004
681
659
790
440
921
774
581
82
861
1481
561
977
1304
984
119
302
430
1489
979
345
1398
979
787
1079
226
704
517
1471
149
1049
995
807
1480
1492
861
657
867
768
490
27
1330
944
1141
1469
197
109
1415
1369
1247
21
1494
588
307
76
1238
982
498
319
551
60
1345
1303
357
1297
62
1198
1091
1284
655
1061
1449
1331
1092
134
860
912
1399
801
225
217
210
546
812
1392
144
188
867
225
1505
1008
378
96
91
105
442
719
707
1207
198
1559
193
1338
61
1206
149
806
1517
1190
58
1023
1529
1276
914
499
1491
278
150
1302
1371
1339
959
649
1352
1525
504
645
319
356
66
606
471
913
317
1184
86
457
420
385
705
555
34
73
16
892
729
548
944
265
1023
811
1338
1177
159
876
954
103
236
258
595
1004
1113
458
20
264
1524
784
968
1002
425
1238
1388
1554
743
855
113
322
1186
1112
224
49
866
722
151
1085
993
1018
1291
840
628
500
327
20
1099
1332
1233
1044
922
468
1545
1221
1513
472
1374
199
920
703
1045
1526
346
1462
197
102
1172
662
309
625
1142
184
1255
796
1061
1183
1360
934
1131
1413
1284
761
149
1060
1447
943
39
227
1191
80
79
939
1161
166
1355
1113
250
939
227
1329
197
689
577
435
1537
1363
310
611
669
14
1322
384
1517
113
719
793
591
1286
1056
1004
33
593
711
494
415
1202
732
1400
287
900
103
16
1172
739
82
190
1332
277
244
652
1313
391
624
368
112
1242
303
1208
1016
1369
303
4
1424
1157
603
1077
1233
1196
1421
894
256
1529
1485
810
1028
370
335
802
864
491
1175
95
790
915
1078
1451
1436
93
279
325
458
249
1272
1281
1004
617
1132
253
222
1069
1562
1350
1180
613
640
894
563
585
709
842
374
370
784
1341
1092
842
133
1334
135
1344
815
1358
1394
682
716
1152
831
1048
921
1508
944
1086
0
1355
273
502
205
665
1230
818
468
1450
1410
211
109
273
740
1394
389
930
107
1170
365
391
830
1501
1227
249
1552
61
742
608
54
31
583
937
302
637
136
656
1433
958
441
1396
251
996
804
956
1128
1153
325
377
1118
398
370
718
196
581
743
1192
692
996
1166
725
1535
1438
593
229
684
934
1555
183
1140
1550
95
44
1129
1024
369
1373
587
380
1445
714
636
1366
134
1151
122
1005
1187
972
1122
377
688
844
1467
195
112
1361
1432
970
66
657
1539
1072
537
1320
849
1242
1328
1233
566
223
511
466
760
127
1012
969
1326
38
515
82
1242
1112
693
402
902
750
1227
43
176
1539
1517
595
627
1159
351
687
745
740
576
399
132
1448
1148
1353
931
529
1029
596
258
694
782
436
1422
229
232
1124
998
964
225
1197
299
1286
939
1345
1366
1022
882
784
430
966
1157
886
1172
480
1428
1331
955
846
955
1036
1020
168
3
1474
1364
1126
131
448
1446
663
525
1431
764
1108
13
1113
208
537
756
332
1428
1175
1044
1150
1437
1014
158
736
307
260
151
341
869
78
258
157
987
45
967
1343
1386
0
1036
405
358
1290
1455
389
1218
713
577
776
1215
1010
735
1487
343
1305
1035
806
1257
1273
1397
403
1374
560
163
441
996
85
281
42
822
1025
1017
1554
501
251
1311
1412
788
374
494
201
1256
642
1509
1482
550
36
277
117
1067
981
107
398
429
689
960
1413
688
1141
1456
988
1081
1001
506
190
459
1533
1412
708
1268
876
1036
967
1506
665
191
803
1461
1239
314
780
31
834
1442
1531
827
998
900
409
590
738
17
510
1032
697
930
1266
654
153
1260
1122
1523
462
466
393
132
1423
785
1446
935
268
227
974
239
1343
38
634
442
1405
1447
889
489
291
797
161
69
577
890
1282
1301
541
1192
286
499
675
1179
421
1060
464
419
1056
721
1003
197
598
986
499
480
302
690
336
190
634
215
1184
284
507
621
472
31
1262
896
1429
1323
26
1129
92
281
1160
1134
1186
662
379
949
1075
1127
518
22
177
1391
716
1078
60
1402
553
306
173
1329
186
490
1538
1244
1226
748
52
336
333
235
552
1119
1458
560
25
1297
2
281
750
1213
974
961
1299
1343
375
601
1347
1360
302
817
884
253
1472
614
832
184
1078
843
146
170
130
1556
1289
907
1459
1481
454
1255
505
988
1299
651
752
1268
710
599
200
342
234
582
1119
1175
1025
594
27
382
880
147
206
786
586
1544
295
602
208
931
921
52
764
153
36
1462
382
62
782
229
569
560
321
579
1030
1535
1227
198
670
144
661
1477
634
788
465
1242
1233
1012
596
1483
1002
563
1199
141
259
930
1428
629
965
153
950
465
81
1294
776
867
623
1031
571
1278
110
117
1208
1073
538
1426
1390
110
1074
1354
868
1057
842
1004
1109
158
317
1476
637
907
1546
972
744
1185
844
70
669
1407
1153
1363
656
1369
1150
249
1414
1107
1050
170
957
920
630
1014
1496
418
171
232
1487
403
610
1559
1312
91
1504
1300
1397
1151
535
807
278
1356
1239
1435
1243
691
821
963
1197
1337
1348
1389
891
6
1528
1230
1266
1016
649
1033
192
1530
1192
1033
210
1492
119
320
663
1485
464
1148
745
481
1492
303
376
1066
383
1363
1479
1398
628
1275
3
657
1552
683
652
47
71
487
1149
728
954
689
491
1529
611
1412
349
1272
813
1164
1239
594
1117
520
973
488
42
425
747
1474
1468
1475
1046
971
943
1414
98
821
1476
202
162
12
1434
1000
593
1099
42
840
121
1481
380
1377
1075
1475
49
1501
1366
1061
567
1059
278
204
678
11
1294
1434
199
443
1547
925
1524
669
193
448
1098
1541
759
1400
439
219
839
561
155
1007
710
977
149
745
1369
972
13
460
55
1289
942
151
120
852
1225
1011
1406
61
169
1553
593
375
1256
1420
1001
379
1363
885
1346
379
117
734
974
188
519
946
809
782
983
74
1458
315
1279
603
1164
370
840
845
1342
1154
598
421
1187
638
1018
824
771
1432
1437
1118
262
579
867
1273
849
33
1386
337
430
457
1207
1084
619
104
433
719
267
497
782
1327
609
1279
861
675
1238
1560
450
1521
772
1463
1197
422
1441
415
1124
1525
1072
861
1527
352
971
590
927
554
733
192
1544
1397
687
466
771
176
1299
406
806
330
1068
1425
1264
677
304
1172
1304
629
626
1525
469
801
192
370
1078
559
1082
496
948
732
1067
589
306
254
833
157
462
1224
1053
205
533
1524
1406
440
1465
93
1441
1398
714
1521
1447
1236
1513
1350
595
930
1228
1312
753
1365
950
659
1158
624
1288
1403
1100
986
6
879
1280
987
1407
630
765
654
613
100
228
412
179
882
16
1013
401
799
260
116
518
639
1056
897
845
1330
291
1150
461
312
1308
1021
1462
894
741
1142
1421
1324
604
185
497
1528
803
881
258
1270
235
710
1139
385
1253
18
45
1140
812
387
328
141
1295
364
1188
236
199
21
866
261
31
1379
346
1482
1129
922
431
417
319
993
1562
641
309
61
832
1438
215
718
1429
630
168
1468
1156
995
410
570
798
720
530
14
226
519
1477
918
1111
30
678
1184
840
1403
88
1237
1116
14
982
844
838
1293
335
505
1140
359
169
644
833
1432
986
846
845
370
1280
373
848
1451
985
1552
326
96
1313
662
929
299
669
143
797
823
1244
849
1436
1560
726
1368
1453
1316
908
1090
158
740
173
1423
747
713
848
1226
1125
496
483
222
679
426
1121
473
160
113
1114
1483
256
185
1458
1129
861
442
750
693
901
909
404
21
895
1343
344
1477
428
816
820
1401
1082
1499
549
841
104
1443
1051
656
1356
1112
475
157
797
1034
1062
982
1107
1274
519
1561
995
1108
799
568
519
540
767
1385
975
302
386
1370
485
1170
992
1491
1071
797
1500
150
1373
1374
1116
1330
1145
1413
362
244
456
1120
35
1074
1005
1516
212
656
953
1411
690
354
1453
1253
73
821
90
1559
1256
1550
643
672
1168
88
34
1007
1427
67
548
35
1434
90
194
76
1428
1453
1166
1357
1232
720
1049
884
1346
413
1444
580
1342
825
75
1555
1031
861
122
567
1241
233
1166
1053
112
472
1276
1022
634
63
1466
472
1157
183
1146
1014
70
1029
824
722
1266
316
1389
1239
848
627
101
1114
1350
1022
141
601
712
751
1227
622
174
782
638
1205
614
1458
1394
1203
503
1360
364
1023
431
126
1389
893
653
1201
659
866
1208
638
631
726
1355
973
82
563
1322
1502
158
856
898
658
1015
1137
1281
877
168
1321
1391
617
591
359
228
898
865
1397
150
447
1214
966
273
1367
890
1079
1458
545
1534
1451
1559
292
929
275
302
979
1371
1463
388
780
265
1117
67
544
1514
576
600
570
872
1320
882
240
1307
610
1293
1049
80
116
522
786
605
29
865
187
1402
1393
95
1483
29
1123
1046
643
955
1168
615
402
1025
676
1372
810
868
367
719
1334
1051
68
257
1271
1554
927
614
359
758
165
842
650
242
1474
456
884
87
1109
508
1388
1077
1002
904
775
1255
1053
730
889
629
365
760
408
81
72
1181
603
464
365
4
1379
559
315
699
1185
409
1343
38
1374
623
398
1293
630
281
650
246
385
362
570
837
807
1024
1058
593
14
440
249
22
1276
878
1439
838
1234
752
207
45
1254
470
470
643
587
518
1246
920
1234
791
708
452
555
872
714
349
1534
1000
1009
444
939
982
1080
298
728
1074
1205
786
824
711
1465
1438
1473
597
1118
7
258
1024
1318
459
407
722
494
1459
1288
427
336
1488
433
682
559
701
230
1268
1521
86
1011
1341
749
884
408
209
796
1374
757
1382
394
1254
5
1389
352
184
1286
24
1409
1387
751
1252
523
1001
918
1065
69
208
1439
668
1367
801
415
696
657
771
359
636
609
761
1267
232
1525
1038
137
1341
1305
1059
1051
1435
112
286
1053
131
1530
1198
1460
1127
13
995
1358
822
1041
1417
82
1051
985
1367
496
1473
214
447
1015
1294
1376
1244
79
643
461
124
1092
170
1323
616
629
58
955
596
596
65
333
1090
996
576
1026
1020
1063
915
1342
671
445
947
1427
1311
1152
591
122
601
896
479
1366
8
1095
877
1210
142
1241
626
112
825
666
324
841
1094
721
1517
39
1298
41
1351
595
380
116
1541
1537
167
779
1159
146
1056
1190
1381
1485
1021
896
3
727
631
937
512
648
100
1388
273
206
1156
852
367
959
1276
85
1333
1404
294
409
686
411
1041
70
246
1241
1203
480
184
1011
519
1096
756
151
468
5
1363
945
796
859
317
1535
729
348
339
758
731
159
859
1552
286
400
357
943
1065
1131
1458
1170
1378
843
1267
40
692
723
237
497
1517
1120
1361
239
308
1555
1469
728
86
1196
1496
1323
1141
1543
1246
203
807
135
1401
865
900
291
908
902
460
983
196
863
1496
1491
1548
1173
120
471
174
1089
259
586
231
959
825
560
1453
193
1312
117
1117
1088
915
572
954
1520
157
1123
1422
209
1040
219
71
212
656
930
1302
1197
1340
356
1377
135
100
466
1238
573
725
658
1056
800
970
1440
110
130
985
569
558
1142
171
572
389
5
807
1180
1450
147
383
693
518
554
701
959
1520
1087
986
566
88
395
1115
1027
248
1353
586
1454
24
617
835
28
1512
779
982
1108
1199
345
535
854
282
1068
54
282
35
920
177
669
792
107
1022
134
1014
44
573
1300
509
1223
569
616
477
1234
419
809
1413
1030
779
1315
609
351
688
234
756
1287
622
606
194
1467
1375
105
572
84
1027
824
590
586
1344
1202
617
852
1074
298
723
4
1371
405
834
11
888
79
1235
279
1121
466
263
1167
103
1442
1523
809
1512
507
262
726
260
594
1260
976
983
1134
155
1288
1089
334
1103
1449
1339
399
1373
391
1254
833
780
129
430
1036
352
162
1211
579
997
1426
773
1416
1022
878
882
650
1421
398
1295
1258
940
318
979
1504
153
153
1394
153
1435
99
196
1547
1148
894
300
1166
932
721
1484
601
418
780
1268
93
474
453
279
1034
1117
854
239
281
497
561
819
1223
412
10
950
1056
172
894
1306
763
98
492
605
306
708
466
1095
452
282
575
601
906
986
1525
991
504
1421
1508
1024
317
80
891
222
652
339
244
1071
442
856
1439
115
32
595
658
1425
1064
1504
1216
46
419
284
1004
1019
642
648
704
230
573
96
1257
501
386
734
1181
1283
1128
1491
297
106
351
1348
235
1369
944
930
1549
769
1205
1555
631
1519
873
1513
417
443
682
1465
1252
292
1007
1313
924
974
1490
989
1020
1051
640
92
1133
538
1342
12
880
334
1068
150
104
1024
1190
279
936
755
522
837
128
95
792
612
1273
866
912
697
196
373
833
1097
1553
325
228
1052
1275
49
488
577
466
713
52
966
408
147
152
511
248
1286
1424
48
25
1191
157
245
1446
1077
542
488
943
373
1169
1548
117
1060
875
1448
913
1479
1376
824
1211
1260
1327
1438
889
851
1281
1463
1346
1474
675
998
761
1137
385
24
83
194
1429
689
1143
644
378
739
448
976
160
583
1226
829
542
395
1028
412
71
715
1009
1326
886
1276
1127
1126
698
396
144
1447
315
728
890
52
743
1345
1479
931
66
1306
1415
1425
1346
1139
259
1411
1073
1102
123
302
994
876
714
1370
1392
856
449
1400
723
273
1460
839
584
1412
886
19
822
694
21
717
203
484
1302
1458
1448
169
77
1239
1464
128
1499
985
1331
1540
93
467
703
893
513
1074
223
962
1562
356
129
1227
1079
407
1409
1516
1527
1402
1171
80
866
718
745
1451
341
288
1071
501
467
767
1093
907
642
1293
1170
832
1121
776
1427
578
603
991
274
682
1145
915
369
243
418
1413
778
1118
872
488
142
648
306
1142
370
869
765
461
380
1480
1225
1554
139
669
639
1151
638
742
468
1037
116
86
629
384
206
1238
782
1194
1495
743
388
1462
907
1427
196
369
1256
1309
184
1304
216
511
395
277
51
142
1249
569
528
357
1043
1174
16
11
1478
1390
1259
925
316
623
797
1452
1175
1105
1200
369
89
716
1368
1423
1110
1251
20
69
1236
1111
744
1208
831
366
1376
1158
697
1251
313
197
980
1087
891
902
748
1482
1320
45
177
685
114
1206
1556
874
1052
287
1019
1008
589
735
1433
1269
229
1497
1139
389
1061
1395
1229
167
3
119
169
486
158
686
1368
504
210
442
581
574
269
1453
434
913
1277
958
1492
645
1140
986
1458
1212
779
1494
877
746
589
1419
1082
816
1279
693
827
1209
1261
558
256
1166
389
1190
102
583
1467
1314
1311
478
1231
1463
786
1553
1482
1285
1443
1459
655
827
334
632
754
292
292
349
1018
1504
807
1037
516
159
219
1286
1167
1227
782
695
513
337
770
156
340
1333
1412
806
1072
1239
390
1152
215
802
1181
845
911
436
643
1330
858
259
1254
177
739
1379
839
1331
1157
1294
614
932
620
255
1244
1102
1240
1342
1151
195
1412
1374
390
243
364
1538
1197
539
106
732
1317
1258
1144
1483
858
860
1313
1281
1360
1099
114
293
757
1445
81
1426
672
352
796
401
782
1481
1215
885
1471
713
1447
298
748
258
482
493
1023
757
893
937
1461
243
773
713
261
1188
391
1134
680
281
663
791
1289
246
476
1199
209
601
546
1145
1314
435
674
1226
876
767
1011
1463
399
817
1133
830
1523
725
1505
74
1193
523
132
671
1380
114
133
630
966
1473
313
1295
886
1238
1283
1087
342
1102
282
75
574
139
605
1196
342
190
1293
848
461
1498
681
1434
398
16
47
905
926
130
896
1500
412
984
831
333
1229
1054
474
1402
325
456
132
1365
56
242
212
1139
17
369
399
614
402
581
211
1425
1210
389
561
981
1233
454
970
679
1304
1248
1227
885
1055
14
137
125
73
1170
17
465
1391
893
725
1413
218
1437
817
932
1439
1340
473
1329
909
904
813
1188
741
732
685
988
155
191
1120
844
57
270
411
860
1101
768
1289
1215
781
968
973
1447
511
1532
1001
786
1365
1550
1139
698
575
1368
1063
851
1448
1010
404
906
1519
104
1037
953
351
734
1255
1552
1007
262
733
945
1215
13
684
1470
1540
78
134
1012
1419
1414
391
571
136
473
91
1262
1365
1175
98
11
526
179
1520
624
839
1205
502
29
1246
417
914
1085
402
540
843
476
506
896
800
704
1104
821
501
1292
830
268
274
337
628
171
810
575
1557
710
714
1296
1283
1459
429
1417
1454
778
586
248
294
286
567
331
1473
540
472
1041
1299
737
1250
1365
829
71
1491
929
52
1140
891
84
423
143
3
729
1420
267
443
1059
890
1126
1157
187
446
1112
730
243
503
409
374
760
890
21
1555
475
699
1198
41
552
1001
1444
1100
265
505
1337
839
360
1132
627
901
746
1094
184
698
956
790
50
1503
1233
1084
816
10
622
610
285
149
1364
1046
888
552
1333
799
211
881
373
998
760
1309
1249
276
489
1313
402
1461
1374
839
1488
482
910
466
1422
404
1207
1271
784
1490
1275
1397
982
1526
1534
910
704
1107
1447
1470
663
1546
855
526
584
922
100
683
854
391
1302
940
798
1276
667
285
1290
787
1011
364
8
658
425
812
649
367
369
209
749
217
768
1429
646
964
530
502
267
1372
1373
115
544
281
608
275
1175
89
1105
869
744
48
141
687
337
719
216
648
676
1065
815
1329
297
84
852
1406
779
1311
970
515
228
1064
649
1525
754
331
1057
5
1305
726
194
1272
632
804
660
390
953
1331
15
253
623
1403
1165
1502
1407
110
493
1109
724
1557
74
1524
1178
1195
286
1328
1109
1171
1444
870
1140
1030
34
308
1381
1494
317
433
599
1197
1043
1405
813
1153
1379
1390
1134
869
1534
1282
586
86
551
1436
1132
1033
319
1355
935
1495
564
13
715
1353
459
994
618
1363
408
421
600
130
1530
969
979
60
1176
967
627
447
456
718
126
705
1458
181
1171
604
381
760
87
1531
1338
376
1431
261
676
564
320
1110
822
341
962
1488
221
1434
1374
1344
1151
122
1203
826
948
1044
1247
1020
1259
119
1388
229
764
1452
147
1164
539
886
983
1262
1257
800
1101
1409
1058
1045
847
495
1544
1259
222
1048
1181
938
205
1004
1455
537
1137
722
391
937
47
119
451
375
789
724
781
253
478
1029
461
699
1148
336
132
769
656
268
1148
955
607
156
539
995
1307
621
26
297
1314
145
1333
326
163
814
688
1166
1416
1238
1057
623
153
896
583
323
1191
668
313
1121
1016
846
106
965
1317
1181
1244
677
564
1119
327
990
1129
685
242
887
843
537
701
487
332
776
823
514
1032
685
983
523
1222
870
457
1147
1270
603
642
656
1011
1289
654
176
543
100
1021
380
666
1037
683
984
1210
1176
388
1090
102
304
143
529
406
1505
92
653
1395
887
673
871
830
1258
1528
934
484
302
960
718
1112
48
889
928
1419
517
1374
78
1032
814
654
1427
695
1438
500
506
234
303
604
8
579
1395
121
768
574
669
1054
1487
733
878
79
66
1028
944
477
327
885
459
1216
958
507
392
161
187
59
593
1080
449
401
1556
968
695
694
711
76
1462
529
155
1049
627
1229
540
506
500
756
594
1428
1251
750
326
895
409
437
1411
531
803
549
1146
405
827
541
1524
1319
41
357
627
457
1236
1493
702
388
1439
1459
922
1091
1185
1359
666
1515
277
1187
883
292
661
702
1005
569
1269
872
1312
402
1138
1154
1475
773
740
313
332
408
1204
1436
700
1170
943
671
791
1478
470
941
1324
673
1506
592
687
342
1172
988
692
357
826
74
1289
783
398
1307
766
745
429
987
1069
1164
353
241
888
199
478
1107
352
691
947
228
1183
469
818
1165
179
966
614
442
992
351
226
1219
735
385
821
290
1007
776
854
453
579
463
1275
971
939
176
1169
1023
148
865
218
512
1516
1492
211
94
756
516
1205
127
1122
370
798
953
1538
1296
88
1325
675
715
624
1157
152
61
825
326
151
867
169
770
1502
849
1002
97
1341
912
1270
404
408
828
1341
762
957
1090
169
212
1245
145
146
659
30
1360
511
1293
61
1350
1265
1440
631
780
81
868
712
1556
1489
1233
504
1204
659
1528
1103
744
1468
1412
907
1528
896
1426
1001
817
954
182
743
1166
1143
1201
513
491
672
840
758
1242
1137
991
1258
248
187
580
461
841
1288
967
1521
415
735
468
1530
808
1412
436
875
671
264
154
98
1182
550
119
514
54
1143
1305
260
395
518
832
1300
923
873
1236
157
55
355
1169
1472
940
1513
1330
1174
581
232
1140
503
1068
1102
181
297
1464
1427
1154
240
294
534
445
781
428
917
1490
926
898
252
1484
1401
143
1403
1391
197
763
1458
389
11
216
1397
1556
143
1460
346
29
284
125
1253
1107
500
238
464
1511
889
413
256
1027
1313
429
1279
1519
1104
392
574
1272
1359
344
360
298
275
182
1541
754
727
305
479
783
788
56
65
218
599
722
145
1297
1485
1456
459
1412
281
812
292
1051
774
1214
934
1388
1422
859
299
1529
1429
418
1062
200
244
899
1343
753
1243
886
23
1042
899
633
1284
778
488
53
1296
888
280
439
79
1292
1083
1212
184
13
1226
278
407
735
863
1472
998
1079
717
1079
378
300
232
41
1505
1391
374
1091
1455
746
508
1473
24
1548
1435
1467
7
160
1232
230
1310
968
882
1310
955
1012
1390
1121
1502
1311
355
1002
1253
410
1450
1351
611
1023
417
490
1127
1304
943
286
438
629
273
1314
350
1520
1355
1428
1240
612
1039
750
1558
1366
736
652
716
1093
9
1266
972
903
1082
1122
1012
445
680
668
56
37
774
1135
447
163
1136
976
1181
717
841
1386
632
972
1201
796
738
53
525
873
841
183
868
1514
897
800
1245
1504
289
842
1462
942
232
453
1478
1491
370
1176
703
729
298
1078
571
642
1258
643
1063
425
869
1052
585
634
610
226
460
837
158
1190
1154
1065
1473
924
8
810
977
72
373
1466
1484
190
171
649
1492
1396
1084
632
395
186
1132
73
1479
443
1432
1139
624
335
671
527
669
1369
666
1208
296
669
1454
103
1463
326
815
784
109
489
622
727
1376
1056
1467
1086
62
575
16
126
1369
410
365
126
1201
521
925
935
1148
325
440
108
944
236
455
1493
87
254
1395
1417
416
570
1504
722
1499
986
1477
1343
1558
470
1158
420
1284
1198
1538
862
452
1297
28
1423
486
682
247
1023
136
1227
421
730
357
945
1524
279
285
1547
432
1078
907
1315
1032
560
621
473
258
1032
393
1294
986
155
1382
793
931
1182
439
947
8
1138
1253
984
1128
945
787
100
1456
1426
377
1037
791
1478
722
334
1492
1484
589
680
73
829
523
918
522
352
86
948
538
620
630
636
19
1449
678
304
1196
541
1137
818
399
709
1008
445
897
732
1513
640
359
230
444
164
10
794
294
525
970
1396
805
1114
190
118
1267
160
577
115
1326
349
925
865
1397
1446
1231
880
1066
10
1210
977
706
543
1173
63
1475
1160
1407
172
1094
1056
238
698
371
1021
439
113
1308
1204
868
474
621
39
1255
1393
407
388
703
611
661
1464
1356
490
1016
1248
692
746
954
248
1412
1226
576
997
215
585
101
1403
1291
1017
1049
314
24
232
88
1130
1281
407
343
337
594
100
1469
516
394
969
1270
754
1095
346
1223
1226
147
112
1112
657
275
141
1493
949
1392
405
1042
459
1044
411
809
240
486
1303
350
1529
1478
770
618
579
552
1292
410
1115
912
17
177
938
505
1371
1147
429
1261
1273
1127
851
1177
722
692
420
360
1108
1348
1021
1121
206
118
811
1095
492
995
1480
718
878
1182
326
954
818
1446
748
494
1278
1310
971
795
1197
755
24
269
520
632
1259
1338
358
1435
579
1562
85
698
1451
211
325
1249
1513
747
1106
844
9
1233
73
1135
1320
1500
153
811
685
1499
741
237
835
741
1371
730
1386
351
917
267
180
1500
1218
1535
1487
469
1283
1159
508
1017
707
58
76
962
89
297
703
888
676
897
273
844
695
549
591
245
752
243
61
1542
1212
356
917
1179
1405
73
706
935
860
604
1363
1138
23
84
239
1461
1215
296
1232
179
1219
21
703
1011
607
298
1102
689
1535
649
800
1290
486
1131
364
860
961
828
819
131
1560
1224
554
640
20
303
837
57
212
816
911
1222
958
895
933
655
432
872
1409
24
485
176
839
661
307
773
1338
971
78
660
389
1479
1455
291
1554
15
703
655
796
129
221
303
343
1205
1070
506
274
1468
1037
1431
209
165
805
1471
466
1223
1019
1362
1370
264
850
993
681
931
918
984
1427
668
1202
1499
599
92
327
507
1448
929
1202
719
920
391
1422
426
1265
1084
258
982
1349
1096
979
925
827
1487
517
797
642
1226
1147
1205
1336
947
224
1540
1529
666
192
155
202
900
966
288
419
1448
219
1061
1284
658
1277
262
340
465
859
716
1022
1053
1557
376
1422
643
456
661
1316
197
151
425
889
628
971
1095
1218
247
561
864
815
791
595
511
1442
383
424
70
1135
319
1378
1289
1542
1482
697
411
214
1453
1464
686
54
839
1292
39
1354
61
1137
349
1111
366
909
319
1271
734
987
1259
338
793
885
367
1178
1524
323
1280
812
248
1107
330
1145
1354
692
280
620
1450
1025
1071
1457
583
1028
344
1537
458
1542
1514
887
870
1462
150
432
36
1551
1113
1401
855
927
371
1427
568
1002
1481
1342
981
997
536
573
917
825
1436
1277
632
1344
1500
1363
72
959
843
754
1104
1297
389
42
259
720
153
402
561
244
1204
576
1101
1449
1476
1385
1318
333
1197
882
611
1454
1075
1294
853
1135
959
1358
292
330
79
1131
381
197
666
1422
154
899
1211
8
1356
628
751
47
840
287
598
1000
76
87
793
155
437
1101
1413
1055
169
794
904
745
202
26
1413
71
769
683
10
849
302
1311
872
333
550
1189
1371
482
1479
1501
533
317
1503
183
1090
704
583
145
132
503
1191
662
327
382
1497
1080
633
1
194
539
928
230
289
235
1446
1258
793
618
535
230
1107
978
104
25
1329
155
721
101
582
1237
145
50
250
103
867
834
1424
1367
822
342
1020
995
1220
744
632
1280
115
220
159
922
1113
1016
399
403
1535
1063
1496
435
525
333
1450
1166
1004
980
428
492
134
1558
498
244
950
1514
545
1251
898
1082
107
955
445
779
340
1274
361
875
279
1143
1510
365
1080
128
322
1173
983
892
215
271
1103
447
452
1166
943
425
269
238
813
1492
1200
1264
1461
490
1511
1353
287
906
722
425
606
985
515
880
626
991
199
776
375
1496
1318
973
371
1031
141
118
322
319
324
1007
97
1436
1229
259
1533
1387
752
774
926
1249
657
14
1456
1072
789
1505
1240
342
856
810
1002
938
646
1419
26
874
830
348
1155
1230
440
228
640
281
792
1541
331
1470
848
1185
465
690
963
1303
353
84
254
85
948
734
616
97
560
1403
242
971
786
1357
1256
698
1290
895
1344
482
743
836
313
672
671
1552
238
972
147
738
417
1446
754
1319
939
776
8
1148
1122
178
1414
8
0
1167
713
1041
942
1016
658
686
1439
519
896
1371
1211
492
393
138
1008
846
723
165
712
440
361
1028
1065
398
765
911
1549
1363
925
1374
1420
168
214
529
1307
771
223
1393
278
776
1110
148
9
824
195
226
1090
1537
561
87
179
228
551
844
342
68
406
115
622
245
362
1121
1370
1438
516
1165
95
382
1413
373
317
903
500
1405
867
443
1387
402
346
463
1399
1036
704
744
1285
438
45
485
1007
918
318
876
885
713
712
1361
35
757
1107
131
734
1117
306
493
1435
1378
944
63
1401
807
443
1092
1053
239
395
694
1123
390
1017
182
1528
630
1153
775
619
492
559
811
1334
240
605
1333
181
120
746
1522
679
131
1287
484
967
1381
912
787
1225
290
261
1352
523
246
1294
886
338
1280
1138
1124
1431
198
1467
122
845
33
1071
773
857
198
857
964
598
965
648
966
1244
327
674
803
468
1386
66
1436
41
370
1541
968
538
870
1217
7
779
717
13
440
575
1181
1372
98
964
1384
1312
35
558
1263
44
1504
371
907
1369
1450
609
280
152
409
261
654
1166
548
620
1329
1044
957
1187
809
148
274
1423
1304
1551
84
956
1532
802
343
80
1520
1550
1157
1435
816
889
1074
470
96
845
110
156
631
977
1015
1378
1343
1070
48
79
694
939
948
785
797
1042
1543
951
532
702
288
846
1474
394
825
863
1455
2
900
244
608
781
542
1006
1129
856
165
1378
1454
1477
506
682
897
1172
580
1137
977
443
300
1275
1004
281
1540
222
1115
436
185
544
956
1476
85
1353
329
1172
1509
467
1385
1253
645
1118
478
751
1061
1013
210
788
777
1305
976
1154
22
414
778
602
1057
1192
1303
613
413
97
25
1074
481
1304
420
1433
476
61
1466
148
238
706
281
858
899
104
97
405
56
215
706
1466
1305
964
1074
481
1316
185
1511
777
157
22
854
1405
911
397
1125
339
613
262
283
811
624
591
784
1290
843
1272
830
899
887
772
485
185
364
284
499
240
757
1473
1335
935
1038
35
1065
1078
193
988
982
890
1360
922
526
1097
37
1320
637
1321
1033
140
546
1109
1106
151
1212
100
908
806
548
1107
990
728
288
945
774
104
93
271
164
1473
136
1322
52
1367
1321
777
274
1257
1385
153
208
1231
312
192
1034
1042
1379
662
777
1132
322
1555
0
115
345
1373
431
777
1466
390
559
1106
565
628
847
55
1134
1349
814
217
1439
1435
1353
69
856
959
1517
436
818
786
1561
1008
386
182
1222
576
1282
73
1363
1461
990
123
616
64
382
1541
1357
463
1238
1539
1300
677
1061
252
1539
953
812
272
288
1213
320
573
554
1213
1304
663
1202
880
1407
244
1398
1091
795
1429
863
1024
1017
1406
698
1011
1384
1088
596
1415
411
1062
220
1473
386
933
1142
212
1137
183
534
303
783
69
1428
1236
834
1081
994
1560
1250
7
1390
589
1546
1510
226
1317
544
347
715
98
558
1548
890
1063
457
1297
184
61
334
1226
706
290
1033
179
801
879
1015
587
320
550
802
935
1366
1516
1313
608
426
1293
1222
1343
1378
1360
1394
1512
1490
1291
1317
165
1081
517
1258
1388
753
92
947
1366
626
1005
1161
1098
298
421
1444
911
1199
1148
843
619
146
1251
1371
951
931
942
703
1152
585
23
1206
1136
1158
306
214
1239
1227
1542
308
1178
77
1519
28
999
778
1044
668
436
300
808
683
1541
1092
158
34
481
756
67
620
169
284
960
998
1485
914
35
679
1200
717
1475
998
712
1001
1122
498
426
1454
1216
398
210
809
591
1392
656
511
402
897
1211
280
200
1435
1394
1090
406
1007
485
345
628
144
197
74
938
406
1368
462
1142
1251
474
1522
459
990
768
973
241
1531
1214
607
1497
21
370
350
6
1052
833
841
124
1121
212
39
528
1038
15
360
1234
997
1416
1403
155
729
43
18
1424
1523
838
472
1000
607
505
1095
1484
481
1504
1200
1012
7
1106
845
540
975
566
65
1544
197
1073
1191
685
1058
836
150
1208
703
515
1454
880
1115
827
972
1503
409
846
1194
1256
798
1384
444
807
123
1433
1524
211
747
465
1401
700
530
965
103
711
453
728
740
313
1108
1503
727
1120
1468
1013
1179
862
0
405
1295
1277
265
3
936
464
785
760
1181
742
1090
458
1474
1243
1222
385
244
1275
1048
1184
1281
870
176
1219
399
455
43
578
806
776
518
432
509
837
1005
1157
505
93
835
1367
726
62
795
275
301
1423
494
1543
1475
676
1329
482
1094
636
584
651
1338
677
559
234
92
387
1468
1278
983
151
633
927
750
340
1277
393
508
589
990
18
1180
1036
498
1408
524
835
949
476
1072
169
426
884
397
952
117
1457
1162
660
1362
1551
697
698
152
1304
856
1558
708
1274
480
397
301
1543
1492
946
446
390
49
599
347
219
678
819
1341
721
714
147
1535
1508
604
952
590
101
781
1322
38
1288
200
869
597
199
1276
924
186
580
607
1066
441
1282
574
286
465
311
400
279
525
152
1318
195
519
3
0
1432
403
466
1017
320
980
13
193
881
551
262
1502
548
1347
379
789
1284
1132
610
356
545
611
309
1349
1531
1470
1024
100
495
1059
848
1032
3
1460
42
1500
943
1278
531
650
734
191
855
1041
511
986
636
574
664
63
572
1497
1065
421
1140
843
1240
1118
1029
1428
656
192
1160
878
791
1497
61
923
1325
187
197
997
167
144
67
806
1172
220
301
1458
823
1348
216
122
227
920
590
444
1496
219
254
477
36
296
779
1269
580
559
621
198
1241
226
166
339
1403
387
1257
1100
1072
1352
875
1160
807
1368
7
1497
383
1253
1154
857
1070
1256
16
1390
1276
1017
1123
1244
1077
234
318
1369
30
903
194
982
708
416
751
1267
111
1399
652
288
1347
764
248
1558
771
395
1047
1534
1256
1274
1476
716
313
814
185
276
482
919
1556
1096
226
540
937
813
487
1294
1215
513
995
1156
669
790
201
675
163
639
558
233
971
1120
354
1158
430
305
1543
1227
641
832
253
566
168
894
450
1421
488
133
1309
564
311
138
1059
1363
1029
962
899
538
283
230
628
362
1250
884
883
607
411
312
472
1218
306
1062
915
478
814
1218
663
1151
1294
906
1029
1244
1070
971
1538
1175
89
1101
734
1375
742
1487
1332
1373
546
1138
23
229
1206
853
220
154
633
1147
1096
779
296
190
1167
987
797
1383
634
658
849
156
710
1166
26
1375
591
627
1306
95
1422
120
307
957
1214
1523
1009
920
1130
918
261
790
261
594
249
876
1398
193
1423
1180
1381
895
774
1079
535
1112
607
741
178
474
271
613
377
692
614
428
377
167
332
194
1536
343
496
314
1472
400
530
323
1537
807
524
967
887
1043
708
1170
662
631
931
411
650
548
607
67
1146
184
1249
288
1114
1432
870
164
121
1480
1227
25
160
1562
395
573
1335
129
1312
520
289
541
374
1460
1232
228
74
1027
978
720
485
933
632
1518
1447
620
1086
813
1533
162
614
1128
512
736
1031
307
1232
390
290
848
1274
18
238
1398
43
573
344
905
1172
923
1356
922
1333
25
914
1276
528
1048
880
1522
292
1298
425
1462
1409
215
707
886
622
790
1464
629
370
1170
1170
383
1095
1504
171
794
247
1062
880
168
351
1162
1351
1282
236
567
543
1219
1102
467
481
1256
311
1136
32
876
383
770
482
1265
575
188
658
430
1516
668
175
396
350
1279
247
547
1105
1061
1020
1347
244
1522
13
752
1310
846
352
315
336
1255
778
926
720
1113
638
1456
102
829
414
1022
691
1410
1168
1354
1482
1087
360
515
1373
63
847
187
265
1419
1560
1162
957
1222
1342
1154
539
1501
954
518
997
196
229
706
865
202
770
1136
1297
147
338
840
1448
1085
629
31
135
692
1023
211
1115
10
701
91
1448
146
1397
1242
1162
647
949
87
348
688
914
1112
903
325
74
183
1142
856
1151
187
1332
1212
752
644
1522
115
148
548
72
890
970
428
469
380
854
876
1292
110
943
906
148
1338
273
82
709
320
750
1395
1213
2
723
1442
1132
585
111
644
1324
265
814
1041
1346
1141
304
482
1538
1239
1486
877
971
861
570
372
803
1457
664
1146
1490
1362
119
1109
1208
42
846
302
1315
97
1258
634
1027
465
390
504
146
990
135
1025
846
150
955
152
899
937
78
615
1289
661
1178
1475
1088
425
1542
354
1374
1128
1007
351
8
236
4
1334
344
920
1100
725
1464
963
1036
516
625
503
1195
1102
1316
283
1408
1191
85
711
1412
266
518
1138
269
470
967
433
230
1163
1339
1355
400
266
528
717
341
1274
1432
670
224
1339
1108
689
863
1229
295
879
1512
1063
380
1109
1257
490
1390
673
1027
189
78
559
195
752
1537
275
210
43
218
136
1142
1494
129
905
995
499
674
1162
163
715
524
578
1224
651
105
1134
1483
793
256
79
1320
974
216
224
1247
1528
456
1070
296
370
971
7
1239
497
36
1443
1400
123
1451
658
445
629
348
388
909
1523
297
1561
120
464
1020
485
298
474
799
1032
1084
60
86
1340
1101
861
613
748
1358
504
429
951
322
1006
1363
596
1481
689
910
1061
1013
1213
417
127
667
296
342
1260
1439
285
314
1272
111
861
828
1136
298
798
833
1191
1036
992
67
221
1039
406
1047
1365
870
434
602
981
70
221
1134
636
464
166
1307
950
895
524
529
400
598
1440
960
1497
804
257
282
343
1039
535
282
1257
782
1229
231
875
543
1215
539
751
547
504
106
335
543
1001
1061
1012
372
1356
812
459
224
1510
429
598
60
1504
924
1435
167
465
1511
1538
1351
1115
463
361
35
622
416
813
731
1068
1289
383
261
759
511
432
177
970
1390
254
1265
138
53
941
44
1046
1199
902
711
314
1139
1398
1192
468
249
680
220
204
980
346
91
246
505
1509
80
563
236
267
831
930
623
1360
176
74
852
438
1551
1453
713
1285
107
674
865
1460
1074
1156
1542
591
738
1391
1133
1099
290
1045
950
777
776
68
1513
110
947
1130
1353
892
1437
905
1346
690
1350
151
390
940
1472
23
57
1334
1199
678
565
1413
1182
421
73
755
1102
309
2
1037
1179
1513
921
423
669
274
898
741
961
1506
736
684
414
1024
383
154
355
1059
1516
49
1502
910
315
683
1434
1361
484
1406
1334
1327
51
1545
1249
1428
136
818
399
430
824
1054
980
1483
135
996
238
424
1369
1002
1080
1529
378
1312
1381
694
929
506
988
279
1152
1462
61
1239
1334
774
425
161
1235
978
847
478
761
273
1112
107
1321
1092
38
589
1023
421
278
335
1059
1188
191
1277
855
1296
1378
155
402
331
1503
1165
1177
1290
790
867
644
938
1163
1050
52
862
129
582
1313
1412
1378
586
1562
575
1466
1333
763
617
228
707
799
173
1150
1228
654
678
223
1450
1298
483
501
700
192
1303
1071
1366
1240
185
1205
101
956
585
619
1178
1216
1091
1241
990
1522
1143
499
887
107
1312
1290
1424
138
1124
828
1103
63
646
1289
401
317
73
771
1016
999
710
265
832
121
636
936
424
113
1205
1528
699
282
333
1021
532
104
1372
374
905
210
140
953
1066
1300
571
869
1256
1374
291
436
14
792
1305
575
1059
1129
395
699
314
148
113
1270
66
407
1406
664
319
929
205
1179
160
718
897
964
1144
1164
914
1435
1438
1452
1348
1362
806
909
1279
759
19
1374
227
1487
907
1153
593
485
357
644
1290
434
1367
599
1247
1364
954
1529
562
342
1348
673
1120
1377
1203
943
525
1504
1117
368
1283
1412
710
425
276
1019
901
1448
1226
812
599
586
4
158
206
956
565
1024
201
735
826
702
542
672
1143
1339
599
515
1000
1040
1105
321
109
843
1488
1394
89
966
1482
271
1087
1201
1130
1080
707
1173
1352
553
541
1363
172
3
552
455
552
769
1173
1003
301
1002
1426
1338
336
806
294
1451
1089
890
772
1082
965
606
1510
38
82
980
133
498
1389
83
430
470
838
491
1495
528
673
398
273
1372
1253
67
239
85
1514
743
1232
1500
337
1218
474
1360
719
1236
39
207
1351
397
639
88
15
551
1533
1080
1484
634
227
678
1198
1149
296
1173
764
121
444
215
228
206
589
1060
194
163
787
408
293
1032
1443
930
113
1028
1408
55
276
1008
1503
788
297
552
1022
501
970
404
291
994
997
1264
1090
890
1317
7
329
1250
939
1041
550
127
1066
155
22
243
65
515
535
17
639
1318
784
460
1455
587
1376
142
670
58
473
542
849
1483
303
182
290
770
823
42
730
1192
691
827
129
1548
1414
487
1201
397
1051
451
476
151
1365
1076
1005
1210
751
1364
210
52
946
848
397
797
1091
1286
877
1477
789
148
1549
1369
661
1121
1303
1410
277
1182
39
1460
1102
67
763
159
81
1297
1008
248
702
1046
1164
393
113
528
723
1521
1242
336
1459
207
745
1513
1429
1030
1118
660
1193
599
561
1157
1356
759
419
1107
834
1107
1335
981
243
1396
1508
1017
842
246
735
1233
590
265
1199
71
419
149
1251
965
337
1541
71
1521
1559
12
1519
1362
9
958
688
1231
683
1088
1063
691
64
308
1299
867
119
1016
0
978
1336
729
1012
398
939
573
1380
508
261
171
535
955
1216
1237
317
521
964
433
678
1272
1400
1204
686
389
476
1024
885
1050
159
1274
679
1498
436
512
584
105
485
1349
719
92
1388
815
268
386
1028
901
583
356
500
1340
1049
738
448
357
1106
1272
306
817
64
853
30
1351
821
1231
176
931
1151
1149
783
282
10
392
117
284
328
1213
1503
8
161
80
1109
247
1502
1294
383
670
767
1310
159
756
799
916
997
1250
1189
338
516
408
210
835
258
1439
1138
852
186
1001
762
1364
410
1439
107
1152
661
1489
1454
479
1074
995
718
1246
711
1495
404
590
61
916
115
606
1066
18
1286
1353
60
1220
1237
622
511
225
1247
943
445
570
980
841
389
214
1210
852
802
1087
583
1487
440
456
631
1110
89
1192
1378
225
575
1509
678
688
1023
486
1076
479
1407
695
1269
590
1430
1089
87
587
796
99
1512
760
1172
910
702
1424
159
1452
424
858
1412
223
1189
1077
239
952
247
1332
1256
1223
1229
496
1516
489
279
16
1098
1335
1167
1525
74
242
987
1342
427
207
926
692
1293
1554
1011
1061
236
102
61
113
384
856
618
223
132
641
1501
923
209
212
387
93
261
403
244
549
1055
1138
1321
164
1232
321
912
1155
1557
807
592
172
454
725
461
1065
822
912
1290
605
881
1065
1507
978
560
1234
1536
762
516
95
1013
1366
221
706
934
883
991
375
706
1102
634
1295
7
1444
888
503
1003
904
167
1007
590
80
918
339
58
706
30
1128
244
1099
357
990
695
665
106
465
1054
651
893
790
704
520
734
364
1314
253
395
1233
525
264
860
28
563
672
829
810
596
1115
444
881
1354
903
715
921
261
1147
89
448
298
239
642
905
161
776
45
1116
793
780
887
629
863
919
859
164
4
1320
121
110
1505
1147
1465
351
135
1518
1331
666
892
1336
993
863
507
72
434
1409
349
1095
254
1169
160
1297
907
1422
1558
1387
967
892
376
53
966
717
101
473
1467
180
1473
827
141
56
1192
1128
859
679
1427
1552
250
748
694
1133
482
580
583
1171
971
1123
892
620
171
1391
799
1395
589
1167
549
1300
1418
771
486
511
1228
157
23
978
1047
647
414
444
221
861
1444
173
847
828
730
935
453
285
1545
953
186
327
1158
1485
793
382
744
1538
892
536
1479
643
23
1148
1195
788
966
729
549
1300
870
714
692
2
236
425
1345
1156
1527
618
1404
864
192
224
1413
616
1080
1204
1243
1208
3
1154
1126
550
1348
974
1050
94
614
762
1241
1078
578
659
377
246
1151
1126
993
421
201
311
444
242
1369
649
480
376
907
1171
1284
839
819
93
489
1523
1507
562
526
1476
998
1227
1041
1098
544
965
717
593
455
554
638
249
948
342
1209
882
1238
259
1295
778
500
439
183
499
256
360
464
573
1487
285
317
1503
1538
305
155
283
1319
593
1129
1155
1025
1493
75
1347
1074
909
917
1194
1041
1280
310
509
340
31
1306
786
36
173
629
1500
107
852
944
1239
560
848
143
620
1494
1228
1007
968
735
940
768
657
1310
1483
604
783
489
629
382
473
536
1016
819
53
1314
706
588
460
203
1054
1294
463
309
654
932
961
371
105
1154
873
490
213
827
190
1489
1108
575
1261
723
382
1201
1013
952
1482
893
428
324
870
1224
76
984
440
475
806
1189
1003
1145
370
1155
360
631
661
821
1124
1176
1080
96
1214
1445
49
718
7
1478
1386
850
619
1221
296
460
656
349
58
227
1289
470
1080
1346
695
223
1054
1442
1298
329
884
1312
189
70
398
262
223
995
678
403
1271
1491
527
894
1061
941
880
1
189
735
592
1109
227
653
57
1029
18
1055
1317
980
820
1277
361
1480
798
271
37
488
1244
53
960
808
1499
1031
1119
1424
203
526
1008
572
232
715
550
815
502
366
1458
911
741
1089
196
651
1232
1415
133
363
1533
1119
355
745
897
1086
1149
587
335
960
298
668
1435
1372
110
743
1185
489
599
566
684
1263
278
702
217
348
251
22
1447
911
1276
805
573
887
1494
908
1532
155
415
1188
1374
1339
902
847
172
1241
1410
1396
1320
1061
639
1430
692
164
350
670
673
510
111
801
1068
1004
660
1523
610
930
593
320
1475
552
889
332
1017
1468
1126
203
1167
1177
892
1178
943
763
1560
86
1011
176
1281
836
1306
435
460
605
95
520
298
613
1426
379
1365
1247
720
551
186
1388
948
1201
507
748
485
1037
438
513
481
886
271
1476
224
1249
661
1513
1223
594
557
951
1476
1155
1282
1016
594
788
1210
950
25
639
375
595
1223
1445
1277
347
892
248
214
91
814
1514
2
61
390
700
1434
577
262
715
548
196
245
1430
855
1157
1513
968
38
652
188
200
1329
805
256
823
1491
531
732
1281
1431
921
473
1398
1171
273
1439
271
1532
1099
73
1497
1450
922
319
781
1072
893
1260
1288
557
529
1016
1046
1099
837
1216
1359
314
634
1416
502
1420
85
1180
824
732
569
77
1341
1020
1410
539
1392
1558
1535
906
1337
402
350
796
1547
265
152
629
1292
29
934
1173
1275
1177
1463
1268
1057
615
1399
469
401
863
1014
806
1082
1308
1290
295
434
772
1462
1048
336
785
1091
748
281
986
24
1234
866
1439
1289
24
703
877
213
1481
678
1334
1447
1431
133
1125
1188
763
942
1497
395
1484
978
472
785
1065
383
993
876
1378
345
1157
1441
1459
706
84
1455
700
184
936
1045
112
526
1094
228
736
1483
9
857
715
26
428
894
1282
1172
1474
1531
138
456
646
281
1159
94
380
921
1509
1364
1373
468
740
535
899
775
906
1292
1498
383
1480
1443
1203
661
415
674
1511
1150
1134
167
146
933
1264
317
1263
1539
1459
1413
956
887
240
615
234
173
1438
1118
737
429
1482
1173
164
1133
27
1104
1201
148
86
277
1238
513
1557
712
1455
841
130
629
1124
187
351
720
131
960
411
117
364
190
622
1360
1369
385
1444
1042
970
900
364
1521
1244
6
934
119
432
1530
652
480
877
1343
1166
90
520
174
469
491
10
598
435
354
1506
691
52
1290
1253
865
1257
1413
1259
1044
369
1370
760
1088
1481
137
1520
210
1424
35
584
734
505
60
306
294
47
640
825
219
403
615
469
581
927
400
1464
422
195
178
755
1230
407
1277
1016
176
1521
320
570
1099
1192
602
5
543
585
526
237
697
457
1251
1425
1220
378
541
183
1245
357
97
1408
1470
1260
993
975
1462
237
1138
1110
1543
586
1013
1453
1249
1536
1441
137
1012
1529
1230
798
547
404
1043
709
824
26
957
757
326
1295
1001
1448
785
1207
138
426
1190
1297
1129
1484
34
977
360
907
1296
488
359
1223
850
788
106
870
1552
1290
1125
0
329
1490
791
1492
60
1307
1414
108
9
675
541
374
685
1404
627
373
1161
949
1294
815
855
908
985
682
953
651
110
800
280
1542
700
305
1152
193
1291
189
974
451
1293
1358
1502
299
946
903
925
196
945
660
1253
1150
344
771
614
375
584
833
910
292
438
317
1025
1194
245
1403
719
568
518
759
42
1093
814
1254
762
276
794
11
1121
1128
625
887
1078
349
578
1263
1081
1360
405
417
897
721
988
58
1329
132
1205
501
263
955
605
433
650
122
393
1407
284
509
1082
187
1174
1218
847
1109
1262
1261
175
626
62
993
1017
1444
1283
284
1390
325
1077
1468
205
1479
1541
1002
1061
525
1097
1380
70
1084
1076
890
164
450
572
148
16
922
830
1306
109
643
1383
76
965
1161
845
709
1019
1526
246
39
804
812
883
1344
122
887
1014
907
1200
1215
926
946
496
1210
600
826
629
298
1467
617
1043
935
1182
231
569
969
405
481
349
423
548
366
284
549
27
1550
1241
1047
1099
474
807
579
566
407
1442
693
361
30
1033
1457
160
324
485
1459
926
396
758
642
966
111
582
4
1260
294
437
949
638
729
1255
877
271
767
947
269
1479
355
1407
1252
1156
68
716
1380
357
1231
503
711
321
1082
897
561
1391
938
940
50
858
971
1219
1072
1318
260
1133
1549
1520
1285
447
1024
1094
938
88
440
429
989
1040
748
58
1447
376
36
455
1104
320
546
566
1442
1415
615
1053
1538
1113
105
933
22
549
128
726
803
912
618
1346
904
1297
1513
475
67
1196
1393
1208
996
165
137
43
920
1083
1438
856
1152
756
466
749
376
1397
538
1161
1024
160
1184
1072
375
401
110
1492
600
994
630
582
1056
366
1378
1099
1452
869
934
350
77
917
1382
1333
691
943
773
1518
403
1286
473
147
746
1448
1213
1501
458
222
805
1153
710
1132
700
37
39
1562
833
982
910
230
1278
973
911
434
239
1343
1380
560
402
1437
1310
144
1034
1018
1386
640
869
637
783
1245
2
1500
992
21
720
331
361
1164
1325
1168
629
282
1159
187
1386
1303
482
63
963
868
307
890
1352
518
79
844
1151
1353
1362
1524
533
950
1336
476
292
182
1314
1481
12
480
139
1196
184
3
508
313
747
1202
87
1282
193
1084
853
852
44
1195
1493
1454
596
314
10
632
558
883
1248
109
650
709
1106
85
1233
1158
610
960
1413
131
944
1064
1184
202
479
1086
721
1325
1487
486
1421
1510
156
704
1105
586
392
1357
1539
143
1311
32
919
1385
1112
875
505
533
644
278
220
989
1049
563
843
808
71
371
475
967
487
255
835
169
911
807
312
486
5
707
40
1258
654
989
784
411
791
60
955
1426
631
109
987
976
329
1432
108
25
730
1274
384
1018
1285
1437
1290
214
270
1150
1507
216
699
501
1496
364
248
84
1554
476
21
395
1244
27
1160
1390
678
1387
684
885
1381
804
1355
1066
1533
658
1383
948
1553
1485
438
1418
865
20
804
84
979
643
690
594
559
672
933
1051
894
1179
305
1442
1012
227
1274
535
174
736
1212
1080
1544
320
1496
816
909
863
1008
1192
183
1204
128
627
661
1479
1281
611
274
1045
1224
1489
326
838
278
959
980
1420
751
734
1077
820
321
1436
473
529
1555
1126
919
1391
62
277
111
1120
602
1372
121
774
1036
1299
97
685
443
966
1259
700
488
461
1226
1142
1339
674
1198
838
1530
845
1081
1150
1139
18
404
435
157
502
1404
974
27
887
1408
1089
8
1205
786
362
575
912
791
1177
574
1247
29
937
1159
1323
1156
589
494
679
666
891
254
898
1457
927
1212
680
414
1466
107
160
401
732
1449
6
357
835
366
827
721
910
65
138
1034
1237
1243
1093
742
146
354
949
696
304
936
1133
152
738
205
1417
344
278
564
381
1495
205
22
729
696
941
450
1345
1267
1031
237
1393
199
122
259
34
639
1065
1482
391
241
772
112
551
828
911
1175
240
1504
5
908
1323
186
1056
70
663
20
817
1441
986
587
806
1146
713
75
204
281
28
291
1283
704
52
1208
753
426
1480
716
1066
157
333
1364
967
779
51
1062
208
1290
492
311
0
684
86
112
560
562
688
560
469
1096
722
1240
943
809
738
1066
1455
1197
354
1191
1304
544
1287
1420
520
710
145
221
1238
1187
1193
139
904
712
1201
1323
800
1419
984
835
408
1546
749
687
349
1374
869
1061
629
1219
601
1151
1137
303
1533
859
287
304
149
107
202
730
238
677
1022
1154
726
508
1245
707
824
942
1000
259
84
1165
1154
1540
1547
1059
1372
1300
1505
1264
273
318
1157
1319
73
84
511
816
1241
1129
888
867
1394
1119
969
237
147
143
852
1354
344
1003
342
1384
1413
275
283
1048
984
1114
209
1303
646
1516
1091
1024
978
423
972
681
878
1392
987
1425
432
210
1024
643
819
1349
935
759
1239
36
1517
1254
1411
309
1524
614
792
1495
82
326
488
1414
677
1228
380
823
1353
1259
770
1146
582
1287
754
963
276
1444
1465
1081
348
511
1351
1238
812
891
923
214
216
687
367
576
1326
56
1178
844
245
1055
572
1145
885
38
758
556
166
587
453
701
681
103
1388
457
602
964
1503
1025
541
418
761
85
1525
561
1246
88
516
1325
959
246
1363
1421
1260
639
1142
994
1162
731
1545
1283
1527
213
581
1251
1146
765
1017
1171
51
367
1392
1363
78
960
1402
337
1502
65
1191
900
405
1280
200
1527
814
491
1112
317
1101
1242
1340
991
100
253
1398
834
946
185
910
1229
687
734
1015
1119
551
373
89
388
742
440
1427
360
1371
730
1541
1232
1305
1101
675
40
1284
1025
185
313
1332
1465
107
1352
804
241
1220
1441
1253
433
1372
976
291
724
1172
1445
138
766
56
733
1561
837
683
1069
73
126
1056
179
536
1544
9
1037
356
42
67
7
1013
929
1218
550
1118
516
1159
470
543
962
1127
1398
819
453
1048
1245
637
1561
678
284
966
364
290
634
1336
418
1326
313
246
38
667
1372
58
265
1229
953
1176
1173
1099
755
1237
1191
708
973
611
656
483
1276
946
238
655
1529
827
225
1443
220
1377
1271
1036
149
591
1196
981
849
1291
1014
345
889
496
75
1198
798
625
818
499
225
1333
1155
886
584
836
1189
877
1216
1250
189
524
1478
836
226
1482
984
974
1306
244
1144
597
514
1047
1540
393
541
612
438
587
940
1163
1266
204
1523
1016
846
103
1227
1484
1051
568
457
1559
235
129
37
899
499
946
637
33
219
830
1312
1323
1063
568
917
85
1494
295
991
151
1349
1144
424
1196
82
206
752
1335
431
1025
847
522
216
1482
21
73
1237
1173
288
1550
309
1167
71
410
701
1053
548
339
1480
1209
697
1482
1245
979
251
0
1227
1515
138
135
908
1388
267
730
597
1508
275
453
116
185
345
349
1317
563
742
739
910
1534
1044
449
443
603
1085
1297
528
392
40
634
703
1548
358
1357
644
725
11
1294
254
1495
1106
92
1532
844
1226
1092
275
1113
431
84
406
999
722
917
1396
1500
688
1113
1560
2
1121
312
685
763
1499
747
1097
640
1419
373
1330
557
606
1362
515
213
823
287
546
539
1044
588
272
160
1521
1228
1024
730
549
127
762
110
1350
1149
1109
44
359
1060
867
1127
240
1398
1059
1561
817
785
603
677
660
288
1124
1429
1392
925
401
1203
1086
136
1494
1489
1341
22
1192
286
351
346
1423
1048
468
559
151
81
710
1041
351
1480
240
1057
1238
742
1486
634
372
39
167
772
1287
1560
966
719
1223
796
1315
1436
342
1317
953
400
663
1379
587
381
263
598
624
665
872
1048
1369
109
989
235
1347
493
1059
1019
1155
1069
1271
1445
192
1230
351
1074
438
1371
560
1469
453
1253
1227
1187
555
1210
1196
416
142
84
1425
893
991
422
1119
1050
300
1277
72
456
792
421
825
720
335
0
683
970
1173
454
1065
1195
149
1516
180
366
561
1137
459
1481
446
280
1001
746
1016
15
1456
216
693
1123
305
210
956
1537
1103
678
1161
256
244
1002
721
178
756
652
96
1226
753
808
726
180
1402
1153
1093
974
160
936
666
1471
912
598
932
354
562
17
1534
958
1224
790
650
919
787
231
325
343
1049
247
1235
324
117
535
758
1177
518
1095
1340
375
490
1290
66
318
1113
372
656
126
1412
370
779
350
1264
1329
959
577
418
1391
503
718
795
845
756
1504
785
1336
164
136
452
389
827
194
779
951
310
1233
1418
1006
1335
728
298
1082
993
1271
1532
783
1082
802
105
1124
1096
937
690
94
1302
405
673
976
1328
734
944
436
623
797
566
1420
1103
568
402
128
159
1043
1327
1119
1334
346
1379
1556
566
315
436
1189
426
439
400
723
489
1049
1471
186
460
100
259
819
1058
1107
1462
611
3
246
621
1208
621
792
412
726
1457
399
133
834
1432
167
509
649
942
705
400
491
81
1462
950
1477
253
873
737
55
150
1414
456
1278
531
937
860
16
1380
749
707
1289
1049
821
1212
1299
1531
214
1155
1317
317
900
3
1562
1123
735
1104
743
1057
226
254
599
1414
1157
1229
1357
1472
104
996
89
154
1055
1097
1268
814
1291
425
387
1436
1073
188
651
1426
685
912
468
546
674
1106
1286
1480
944
188
178
75
437
793
1356
452
1053
272
674
1414
116
865
223
791
159
1543
268
302
131
1244
630
793
684
1174
835
962
495
565
605
1371
1486
900
867
582
126
1097
510
227
638
451
107
280
235
1467
1300
297
1073
196
1236
682
251
170
23
655
1272
1482
540
814
130
793
63
1516
462
165
1454
1022
124
1040
616
1258
835
1160
822
1141
795
146
1403
1098
1187
384
1545
714
140
251
928
1090
868
490
1147
960
846
1483
582
713
1335
927
117
688
165
47
1256
1241
1492
1023
706
346
885
88
477
1106
440
1037
604
964
609
282
265
875
1131
114
487
1177
1264
722
1239
878
1544
1048
651
364
334
440
1166
101
1054
507
788
213
404
528
97
58
1535
1423
86
448
413
1105
1411
1466
1169
856
1340
81
1027
1394
985
1062
548
945
1479
913
640
356
185
1413
228
1234
1429
299
1364
915
220
1098
146
1128
230
559
949
1071
1210
909
771
738
576
470
343
1385
146
599
944
477
858
452
275
1253
1363
1236
1260
937
1290
350
1309
1037
1459
1379
1526
451
868
0
696
644
39
916
971
604
920
729
1263
1201
1522
702
1249
127
856
738
919
207
818
356
1073
750
634
595
1181
621
295
77
81
1553
743
1503
104
873
974
849
624
1478
1453
105
978
1301
1305
199
1275
1168
1353
49
1410
1256
589
343
1229
919
1209
1014
332
1239
781
777
1467
26
1022
81
788
885
338
1140
769
1119
836
1193
191
607
366
637
599
905
837
328
663
129
1051
1546
935
142
1377
1213
860
688
750
440
633
1259
1332
131
1276
895
692
1301
955
837
269
581
450
874
498
314
204
1167
148
420
848
816
484
795
1409
1076
1434
780
1537
1203
762
1246
397
883
432
1551
199
497
1126
361
845
669
54
59
999
1
414
146
426
911
1210
47
196
1375
509
1176
77
1054
1470
1463
443
799
287
65
102
768
1491
961
1348
1085
873
1436
466
1331
996
80
108
1046
913
1425
851
738
612
1376
377
978
487
285
1120
370
96
463
1096
427
944
1177
455
751
536
30
708
964
540
1201
171
12
1222
1195
210
829
1476
845
257
954
375
1279
1292
152
504
1216
1173
441
1525
1545
897
1093
1345
1341
1057
1174
341
1296
1183
1139
1272
1333
683
688
681
690
1440
1424
1389
1045
547
903
856
1289
241
857
455
13
668
257
539
237
664
1172
1430
1427
1365
834
211
546
442
395
468
493
1533
625
1104
1202
475
1147
130
203
726
1068
781
309
1477
16
1474
1487
1412
1236
228
185
1552
588
1340
1117
43
1205
924
780
1186
18
140
1050
763
587
960
1416
588
851
809
584
1486
184
1497
1210
584
1351
1226
708
661
784
800
546
228
1063
607
698
909
108
1053
441
500
1275
1379
122
526
1495
692
123
740
504
215
406
352
41
1314
969
923
649
1416
867
112
935
1329
694
1330
970
28
1060
1230
738
1054
19
482
778
1400
1299
1
971
1321
146
1434
360
884
860
1227
221
475
591
310
220
1452
1311
582
1087
483
47
269
1291
943
328
547
628
1334
839
101
810
403
1098
54
1555
905