760
5360
8695
2678
3120
4771
3331
2660
653
5582
5806
8779
10890
213
5992
1867
2029
2555
6200
7284
5656
4528
3328
1351
7832
8297
10406
10295
1420
532
2057
3854
10775
5116
10429
1984
4095
4481
6725
5798
5831
3576
5011
4320
7774
2122
9172
3210
8800
6044
8719
3803
4037
3354
748
8925
2956
5026
5456
4045
9097
6067
190
10520
4481
5299
3188
5693
744
7302
3119
732
8125
6408
1886
1510
8191
4087
8948
2944
9357
876
9639
78
8756
3970
4056
7188
10732
8765
4553
6355
10090
6999
11109
8864
9832
5264
4700
527
5054
9764
4509
5176
9668
9812
10338
3651
4250
3502
10923
10937
3499
3247
6446
1594
8450
2119
10192
1537
4899
9933
9597
8545
2987
7003
1731
2727
10207
5671
1551
5274
9572
5563
5057
258
8336
10499
5728
3318
7476
2481
10316
7547
7713
6697
3932
9032
1048
6615
9089
1180
5493
4897
4054
5863
5494
6515
7892
9441
1906
9866
6751
6219
6998
1792
1553
246
9758
4016
5787
6098
7254
1587
5851
1960
5977
9683
1121
8489
7325
3124
4357
1032
7253
9956
7784
3718
10542
8322
2432
5915
1717
2547
1496
9069
7026
2460
737
907
6510
10233
9860
3625
2850
8850
9913
7880
6542
2726
1751
6183
1770
8431
2545
8964
1593
5486
7869
9475
9829
9423
3721
3890
9928
3575
10178
1832
245
5859
7112
6688
10489
8401
730
7956
3908
3558
9009
4334
8939
2671
10008
5750
7427
7590
3392
6766
373
10156
10206
8286
3570
10164
4178
9595
2949
10570
9982
2728
3891
242
6674
594
4659
3590
2015
7177
3854
2367
357
3524
8511
8392
9792
8533
6533
5766
5058
3659
7107
1732
4662
4253
913
686
9952
2146
10738
11046
1576
7996
10242
7291
6267
5110
9822
8935
2224
537
9239
547
4213
5269
2002
7356
6969
8319
6
437
3139
8905
3824
10798
863
1268
4166
2837
5103
3085
5205
7940
3966
248
8190
5823
8456
3685
5943
4927
1553
7906
10741
6768
8452
407
3373
7608
2539
6287
2919
10738
9610
4940
6380
10214
3536
10625
966
5630
7079
547
2104
9479
7789
10442
8807
1312
7492
6477
1005
5346
4013
2343
7770
2854
1577
2934
5207
934
7280
5941
7763
4135
10201
1567
6153
3159
5179
9920
1435
2834
10168
5631
2486
2898
6186
651
6074
10947
9042
8424
5113
9887
4270
1330
8354
4047
31
6222
380
1227
537
5848
1692
9954
9297
10759
8240
2576
8810
3908
849
465
7733
3657
8549
1590
6025
2981
9550
1841
3098
10736
6640
7873
7946
9317
8590
3259
3734
10859
136
7235
2582
10386
2843
1487
2670
8654
7901
341
1920
6503
9869
1284
2874
6316
3350
7121
1447
7056
6235
9512
4856
10256
2635
4887
5798
3298
5323
9088
8180
6646
4585
3261
2508
9565
4812
7227
10247
945
6482
4957
2004
7663
9847
2015
7929
6770
5860
8612
1352
4052
2740
3418
459
9050
1396
10138
3321
2063
10032
10959
5575
2514
4091
5507
1198
5493
6903
3562
7976
354
6124
8487
7114
477
1992
10894
7626
6141
5615
7814
11108
8540
4594
5512
11111
4113
1632
9514
3125
3269
1736
848
787
5580
6230
5736
7373
10216
6732
6529
7007
11041
2187
2762
5784
5276
68
2457
1183
7677
1763
830
2709
7596
9705
7316
2432
2129
6853
166
431
9951
865
3320
1148
6226
10198
8729
10127
960
3918
9091
5497
3376
6814
246
8762
3399
9830
7262
4563
1603
9978
10358
2694
3145
6173
2809
3677
8976
9365
7886
8803
3811
787
2282
1449
8507
3834
8611
5250
9944
1630
5479
8423
10500
3555
7321
7085
6977
10831
8120
4170
2571
2797
947
116
2022
9429
7651
495
3942
10999
1031
1901
10016
1093
983
6794
4105
4068
1950
10898
9290
331
8622
745
8620
9345
821
10280
430
3063
8044
4438
4654
2372
2443
10683
2829
5804
9149
7490
8028
3683
9899
11074
10705
3186
397
527
6354
9584
7364
9414
7967
11108
8739
6610
738
805
2415
5723
10511
10553
10691
9976
809
6092
4779
8002
1535
7830
1869
115
6633
5304
1613
7309
961
1876
4954
8980
8280
5996
7814
1274
10108
8067
1357
10995
4953
9462
1401
7446
10233
4456
1098
9629
9507
9863
6602
4730
8860
3802
2353
3897
9799
8503
24
5993
10572
8788
3507
8724
4188
735
10414
8279
1821
4489
4377
55
6678
6383
3951
6556
1206
3769
4246
7358
10709
4817
6834
3564
6395
9577
9947
7299
467
9406
10786
4066
6909
5792
618
954
9558
8878
5003
10674
284
3912
7582
4761
579
5488
10612
3391
649
2851
6526
5480
3411
3797
4593
2842
6659
197
4896
9248
3847
1574
2911
283
5808
6969
4286
3028
6784
4269
5694
9702
9577
3494
4531
6214
471
1884
9097
7411
4133
4785
7334
5816
3670
7987
6363
3338
2839
2542
7372
9796
371
11095
6390
7820
1703
9796
1287
6044
6392
7671
6879
9641
3660
2358
6947
1414
3399
9798
2352
9969
6566
1663
7283
8575
10486
6850
11034
6108
470
6819
8895
7285
7758
9940
5158
6576
7764
5791
4868
1915
6247
10789
4139
2109
299
3730
10904
1815
7010
975
8524
7263
4939
4088
2196
8311
3355
1108
3620
759
9911
7701
2452
3745
6513
8955
523
2773
4531
6275
3478
9127
10040
8586
5189
7505
6968
3937
4211
10663
6010
6985
8357
5907
2175
733
8242
8210
8338
2361
1951
217
2550
5352
7997
9678
8814
8914
3207
6409
4859
2014
2122
9649
8189
7886
3572
8065
6340
1918
2811
7016
425
6079
9165
3351
7133
1464
1952
10485
3587
8209
10999
10055
5381
6403
2217
10856
4890
7403
10805
7033
10218
8689
6909
1313
592
1629
3428
7849
8819
4317
8761
6590
6741
7122
9551
5905
1091
1287
10063
7651
7935
8392
257
4719
7102
6903
2768
2535
1311
7038
10238
7056
3909
6429
10346
441
1917
9253
6671
8904
2495
3542
5458
10916
9034
4739
9891
10305
3059
9484
5257
7728
1947
4127
4263
4194
3061
3829
11020
2498
5263
1255
3170
3793
8517
3829
8128
346
2032
4870
10387
2663
5330
10473
10311
745
6926
995
899
4807
6977
9654
10192
6290
3022
6308
8885
10442
8241
8017
10821
5212
7314
10852
7469
248
5439
8404
284
3714
8088
7163
9495
10717
10944
1261
6030
1193
188
4521
1135
1459
6199
6422
3776
2371
3049
6122
3812
6221
9431
2504
811
4089
1660
1731
4739
1861
8585
8255
9035
7037
6752
6129
5226
6579
9272
1002
10235
4170
10595
10400
4721
8732
1173
428
4487
6426
6823
3827
347
9745
4451
6043
11023
6663
1653
3029
9734
5555
3654
9954
4788
6012
3137
8683
2338
661
6347
8665
1740
8708
1309
9154
5786
5911
11045
2949
5559
8858
7043
3317
10125
6400
3348
2343
7236
1002
1879
9183
6542
1001
608
2037
7734
2898
5495
9852
9046
2338
10174
4658
6196
7603
9093
7308
5105
9903
2865
8546
2750
5294
3109
8679
6682
431
7614
10028
1544
3995
1560
5530
3052
6387
10387
6786
11065
113
5828
9540
10344
351
11084
10886
5386
6793
2757
3045
9342
3585
11108
1411
7664
10114
3876
8762
3681
9616
595
5976
3250
2477
2741
8477
8587
3845
3862
7122
2709
4623
7016
7980
1750
9393
7493
8953
7049
2368
9870
2170
6843
10356
10232
6238
5800
7500
1576
8069
10483
6710
2159
2166
1042
9778
2679
4914
4068
2238
10735
5869
4217
6188
3479
8587
8976
4894
1401
10822
13
11044
2986
1257
3342
8695
369
9617
10749
2323
279
1436
566
6817
6028
4283
2271
9573
4951
8874
2823
3342
348
9894
3411
7992
1786
2571
6411
473
837
9357
5663
6163
10911
8656
9856
5024
6588
4010
8362
7661
6918
3744
5300
3828
8268
2224
1742
5662
3195
1955
10137
2072
7256
10796
189
1321
9326
3009
40
4990
4889
2295
9049
10747
3776
6521
611
5236
2221
4813
9213
2599
9562
9492
8756
9024
8629
9270
1260
5437
10478
8400
3462
9741
8182
6294
3721
5843
3278
827
1455
1009
7002
2717
10556
8145
9716
1567
10169
9868
2254
8407
7968
8396
4343
269
8833
10407
155
6007
8874
3564
2481
1346
149
8833
6408
3104
10314
3926
9835
8361
1155
4182
2493
3610
3925
8313
4502
5883
6691
1698
10132
9909
7829
4203
4717
1017
3571
7359
2477
9576
7514
9913
4424
804
1461
2905
3147
866
3754
9632
3458
7330
248
1775
7079
2492
10518
3473
8724
1665
4485
3349
7352
7256
4373
1384
8086
1666
8277
2222
9527
2643
7035
1436
10384
5343
9925
9700
8791
8301
6334
528
9409
3721
6407
5868
10692
9888
6484
88
3910
9554
1821
7299
1515
6897
8488
2571
2273
6485
3089
3702
3222
5718
1462
9539
6460
691
2826
117
7046
9477
35
175
7125
653
59
2970
10527
4115
9103
4736
10218
5629
9060
6949
4488
5108
10528
9053
4095
8976
2218
5750
5163
3460
1440
8012
532
8741
3792
6943
7090
9705
4509
6746
9463
3874
7432
5332
3492
5740
10052
484
2171
6449
4484
292
10676
9622
3873
10250
5048
3054
1966
9431
8583
2962
3084
8849
7959
9779
3953
974
3696
10982
1727
7596
7003
4221