952
881
913
361
161
709
134
187
380
746
583
505
629
500
141
891
964
451
421
150
272
950
830
455
786
647
815
276
845
103
911
579
709
281
579
142
200
717
940
490
479
498
216
171
109
165
877
275
278
280
617
41
113
283
424
1000
231
677
151
803
377
148
757
105
646
351
249
87
422
50
919
70
103
442
206
219
705
714
385
534
471
867
495
446
497
987
502
132
642
57
767
424
338
568
573
233
328
189
496
491
929
269
239
936
709
84
745
27
491
510
994
112
739
162
233
545
80
450
648
417
168
41
392
316
764
114
557
614
744
581
883
394
82
493
796
790
166
995
419
574
899
988
501
581
523
132
673
735
353
464
575
714
231
526
248
390
831
231
563
600
150
321
665
909
312
476
873
872
847
725
478
705
840
327
297
676
649
194
706
374
284
806
256
817
633
145
687
993
464
995
631
840
162
919
438
364
874
917
498
373
821
943
1000
646
61
887
395
947
954
536
719
844
675
795
348
744
516
560
158
24
95
290
442
714
287
80
331
438
569
536
74
707
181
881
270
272
653
295
147
589
388
836
326
311
817
136
106
642
875
266
132
418
760
762
643
439
899
740
292
541
994
525
15
775
969
649
963
509
747
390
887
457
227
473
720
738
84
358
555
982
863
634
734
658
62
602
290
422
660
93
10
45
648
575
166
210
711
432
304
212
83
661
210
82
399
947
425
280
424
381
770
811
680
256
993
139
691
505
14
35
335
366
670
954
430
412
589
209
288
596
442
17
272
228
6
596
672
817
221
429
94
546
691
808
305
104
119
752
568
483
624
380
282
691
834
99
284
1000
998
972
95
167
905
121
228
310
641
647
614
383
377
357
99
665
69
804
724
147
417
850
463
469
271
183
156
484
850
790
739
72
123
668
849
851
32
491
906
264
516
158
65
564
903
78
193
244
816
893
672
690
860
378
42
612
172
796
401
229
136
297
997
351
579
985
62
907
282
195
952
38
71
453
496
909
16
843
587
824
552
25
134
606
813
320
143
353
869
132
525
986
315
510
1
224
92
375
823
914
503
28
840
820
152
687
784
187
571
397
670
71
651
603
597
922
86
326
522
965
559
774
95
246
352
227
308
700
774
471
763
883
627
942
661
273
229
382
706
133
84
176
295
117
695
437
680
899
204
706
460
510
399
688
298
751
938
908
279
639
140
64
22
715
316
144
200
764
228
456
948
736
848
207
161
556
661
413
928
268
830
41
716
117
271
324
954
756
272
322
260
602
435
94
296
433
37
735
145
213
383
164
358
116
604
404
656
518
530
756
38
1000
948
693
969
915
428
341
712
127
635
413
956
728
34
330
791
331
418
452
300
440
959
309
66
739
105
624
508
825
133
396
853
494
119
288
549
217
570
807
655
99
861
295
116
737
539
873
885
277
715
603
993
128
206
250
329
105
658
464
669
89
677
953
434
218
824
879
581
114
130
783
14
151
376
754
208
283
212
759
696
109
355
820
799
917
51
816
775
34
356
953
752
38
747
381
25
23
437
251
692
15
175
856
601
638
640
992
728
431
936
662
160
3
277
958
871
3
733
920
661
672
463
353
698
649
463
598
75
418
606
607
146
705
773
79
76
888
120
361
324
291
335
132
180
131
533
272
348
978
801
56
16
721
107
664
398
444
883
118
140
107
430
631
41
803
959
25
663
445
797
156
174
265
90
66
191
812
553
280
463
113
334
771
56
481
627
853
997
118
769
957
357
41
987
289
877
902
972
97
978
385
886
366
175
241
607
122
748
819
958
966
677
926
692
617
94
421
738
574
231
983
693
11
275
48
888
393
972
230
665
768
408
710
693
890
505
14
839
623
547
46
311
41
753
384
704
653
902
336
700
504
57
138
540
589
261
202
331
945
117
88
46
173
657
113
220
666
367
834
305
83
791
977
110
16
709
676
453
392
142
530
160
71
320
923
233
847
453
20
35
995
601
67
10
699
777
593
210
524
535
534
515
884
411
147
782
638
243
439
630
386
237
558
622
45
1
105
545
0
565
484
25
684
756
373
531
234
535
56
290
955
703
341
538
711
826
333
487
625
753
406
57
82
106
594
667
919
751
997
581
715
36
14
369
165
943
870
786
531
533
835
606
918
184
731
891
36
796
515
60
564
42
610
701
485
316
480
128
578
925
618
955
448
627
110
709
756
635
586
732
436
89
827
471
725
689
980
206
814
691
713
251
920
33
357
962
769
36
249
483
9
150
492
570
621
848
806
403
868
953
560
307
917
292
97
773
839
811
657
531
155
566
913
399
761
526
980
346
484
443
697
683
30
943
20
732
453
465
101
744
276
870
279
75
137
337
378
327
345
479
172
50
677
731
407
321
921
595
446
169
843
212
921
624
217
986
717
699
26
521
296
961
301
317
765
595
347
70
579
65
899
841
984
675
465
98
42
427
847
494
162
723
578
329
706
224
232
166
271
734
485
63
686
261
871
257
368
241
183
386
124
45
999
654
625
517
250
505
334
409
34
628
608
685
426
367
735
16
936
582
164
647
615
445
350
935
539
195
311
638
284
996
934
326
8
296
416
107
732
12
384
254
278
65
976
207
626
223
80
602
761
301
596
436
213
831
942
494
358
433
902
579
171
956
468
400
283
667
616
863
123
710
821
527
145
657
781
910
16
155
242
213
685
269
145
140
645
970
525
382
62
262
606
561
582
396
216
896
831
990
258
255
626
15
697
453
16
930
178
409
309
853
538
728
901
780
793
795
155
595
120
92
252
641
65
654
989
315
932
934
477
38
913
432
367
289
607
722
280
293
819
885
844
656
484
165
60
220
561
538
316
202
60
301
941
530
956
579
270
151
268
623
991
255
111
478
908
930
18
503
847
590
334
161
802
225
958
854
672
288
303
681
523
973
174
518
754
435
75
79
103
411
458
814
143
611
686
659
987
550
431
540
162
272
883
3
459
26
245
886
502
854
142
355
300
393
604
433
637
985
371
736
86
326
699
31
945
300
309
31
836
225
684
834
948
370
514
969
156
504
973
614
674
383
259
511
197
834
996
907
333
80
299
762
951
108
696
426
645
998
785
321
168
797
422
526
767
434
436
805
6
675
323
503
125
422
344
451
121
189
172
458
8
194
821
437
932
101
901
228
25
129
8
696
808
549
215
401
363
897
212
851
639
494
552
727
740
108
952
603
41
560
467
117
147
234
185
803
255
559
603
376
601
44
741
166
251
672
344
309
678
21
214
738
278
419
325
786
770
569
498
251
62
368
323
463
204
690
15
107
632
905
80
915
785
886
689
867
115
333
25
111
727
578
241
87
793
60
887
706
191
616
448
217
146
616
627
688
737
343
632
355
470
268
284
29
927
630
145
271
926
7
469
389
379
504
669
952
517
17
419
289
493
707
309
971
0
272
228
751
103
881
133
315
972
251
333
963
576
847
729
588
375
305
773
166
533
224
678
176
737
606
547
261
123
247
817
110
752
467
850
94
375
694
548
976
862
299
33
128
839
462
575
181
933
336
340
891
755
133
865
837
868
726
389
484
615
175
289
820
722
347
844
940
292
347
288
278
386
828
765
867
34
324
685
902
673
19
52
205
118
144
271
464
653
473
918
109
563
989
275
796
750
586
873
830
672
237
304
830
552
374
782
28
934
503
595
623
540
861
145
165
243
348
455
833
395
538
174
502
399
466
602
405
894
105
408
308
156
599
408
293
550
466
298
425
137
190
272
67
35
557
277
620
217
625
347
956
936
515
96
669
918
974
124
282
334
27
476
595
375
488
195
851
743
35
585
247
773
128
409
72
939
512
112
18
271
894
16
801
548
299
174
128
549
751
402
579
318
576
24
661
588
248
186
811
773
605
458
432
494
627
28
917
470
789
210
626
530
764
20
95
437
826
660
872
86
248
92
746
786
652
890
911
629
213
165
992
305
547
713
753
570
47
687
671
188
629
450
657
54
268
790
693
631
329
416
90
262
167
904
953
936
441
732
664
646
829
220
371
14
292
304
341
97
504
118
634
80
941
463
454
836
962
744
505
458
33
108
978
809
903
622
152
100
979
393
789
93
382
287
920
596
795
731
464
636
469
807
155
337
602
242
490
927
859
496
600
257
391
15
992
480
912
9
554
823
650
284
416
475
814
801
406
471
611
267
749
457
504
671
835
504
34
249
262
827
5
871
330
773
808
897
760
841
320
625
781
64
778
665
12
169
297
545
985
807
293
473
870
411
177
522
760
385
65
834
853
696
79
70
580
295
881
540
302
862
983
165
190
372
339
263
976
927
909
129
79
741
790
765
245
49
370
105
731
29
728
329
312
368
791
222
817
980
899