198
699
1399
665
2268
1044
1845
2158
1513
345
623
2062
1997
711
22
2646
2000
2651
2163
2757
1213
562
2041
845
2193
1247
2595
1226
2494
96
602
1105
2142
2286
1098
2571
739
1013
2606
881
1119
794
328
1944
1528
1262
1250
1770
1350
2379
2730
1094
1967
2255
1848
2753
17
1308
2095
417
2757
2401
15
2638
155
2345
968
1453
2520
1550
272
234
1524
25
826
499
2445
1693
915
140
2775
2398
1392
1493
195
1399
1963
338
2608
1759
2521
1893
1518
1063
2712
1655
1605
2419
1713
35
1548
2158
2569
415
277
597
503
2640
1590
1475
543
495
2010
1926
2712
1013
1069
2616
884
1060
1639
1639
228
580
1769
1822
1009
0
154
2575
1307
2687
6
2464
1170
1230
162
1260
2717
2466
1478
1142
582
813
1941
1630
1263
1342
750
1705
2079
1926
2273
706
1217
2277
1106
750
134
1941
1156
1010
1610
1999
683
471
1768
2472
1847
1876
183
2111
1631
952
2771
1053
908
1997
2589
960
65
1287
1256
651
1434
2358
1300
1871
2009
575
611
1699
2266
1511
239
2542
2140
751
304
1054
2334
2258
1902
2275
793
495
1365
781
1753
1348
2672
2094
2142
330
1488
35
700
755
1984
2768
919
730
909
2279
1719
1874
1001
1162
1981
1304
2067
839
2124
2470
170
97
707
1382
2386
1725
2208
2483
889
417
795
1729
1093
257
2310
1543
234
2071
1596
1969
1636
1476
1090
1535
2112
1565
1631
597
604
2715
250
706
343
59
2186
2012
1254
496
1068
2763
1628
2617
2066
789
1837
2168
530
354
1180
738
41
1971
2251
413
693
1408
390
1457
959
460
27
2059
1909
131
472
529
726
221
562
300
74
1357
2293
264
1254
2258
571
2052
1230
2745
1032
1312
816
670
2699
1723
922
1505
1327
1911
2292
1152
2661
1074
2610
1076
1796
2131
542
1495
1626
1402
1917
442
346
2137
327
1134
2028
2627
2151
1158
907
1353
2524
761
74
1810
111
940
1966
181
2336
168
2751
57
1373
1601
1516
1372
604
378
43
1033
1600
2066
1672
1513
1681
15
1767
1585
1470
2078
1331
1076
531
2121
173
1778
1343
2503
1870
1858
2721
2019
1479
478
1925
335
1020
471
56