113
57322
15591
-34324
-59915
-41476
-54151
-4783
-46868
34392
3057
-61608
27487
5578
-60119
-492
45679
-51318
-60239
60424
63824
-33645
-57601
47530
-29594
5639
31539
26914
21685
43196
59949
-4306
49292
62135
-16786
-4174
-20989
61339
-21589
-2749
60559
16577
-47886
28712
-29962
-55007
-36436
-45763
-36848
-46059
-10989
41139
-33069
-55973
-13352
-2371
6900
-29917
24134
-39188
37082
8786
5869
-33902
-23933
-40036
23913
-13136
-21339
-6042
46347
-30223
-58231
-57887
15970
46255
-25365
17134
-55398
-48431
49289
14387
5041
29257
61537
20245
-59638
15703
-32596
42793
58682
-7179
-59583
-61568
37545
49979
42785
42868
35309
-47786
38226
35240
26777
-62217
-22458
-53035
9527
59225
63900
2611
14158
-34028
-17725
13098
-60101
37210
7352
-53858
-5699
-32346
55970
42045
18483
-35265
10614
-8714
-26875
-28911
50922
-17791
-7813
-34552
-62591
-15162
54821
-9230
53015
-12410
27805
25621
47926
15565
-19449
19363
48669
-19749
47897
39364
57626
58389
-21010
38167
21247
-52194
3704
35803
25870
-54937
-51104
-36440
60566
-31947
-50039
-9918
63152
-16016
-60243
6883
-42415
2883
58881
41292
38378
-22193
-31483
29915
-46307
-16665
57296
-43178
-51016
-15633
-50641
-5925
62039
29604
9483
51979
-8984
49313
52003
-47537
-53541
-59324
33940
39599
11020
-52146
-39467
-38315
-63120
12624
8001
-19816
10392
-772
-53686
-10998
22543
-22263
-52287
59723
-1820
-14658
30814
-40295
-63264
14061
-60595
28364
9768
42545
2071
61175
20607
-33490
56151