556
-1040179
-1239310
-1155132
-998195
-469194
1099449
-1069226
1309339
337245
1122125
-570615
-855856
378897
-1011613
-1098755
-1179248
-451019
-764163
-46448
-767539
-44172
-925801
1287165
283609
-403273
-1261802
210473
-196344
-1036593
70003
335975
1289031
-405863
1253082
-1074584
-1356731
-1190325
-809525
196608
-896677
348958
-740338
-738927
411333
753585
-1167925
880266
-918561
-1122246
1087052
71746
-1173146
-627432
227653
-279347
-671730
-1322382
-847072
1227725
-1224890
1032181
4182
948409
-411792
927268
541239
-671470
-25923
446203
403672
-1361785
1285424
-669726
-253070
-433415
1230310
-1155756
1123729
1164185
-1257953
-440424
627953
1371165
1050951
557361
134371
339762
763191
1209367
362597
-1028023
233661
-302950
413294
-971062
-660638
-782824
1327208
917191
-1237228
-1370838
-214597
1320385
-1261308
885972
167595
804602
235608
-859210
-1316085
-960419
-997416
696176
315406
-621385
-1005869
-907981
-348967
-977488
1333022
957472
55320
-1296884
1231049
-295957
-326497
315050
-834439
506115
-1165129
-1045020
-582718
-938498
676473
-138319
-1274253
1194925
-660998
-1317997
766365
1363424
-1243765
1326448
-307606
-716167
385818
679054
943427
267577
-747321
-1293878
351132
1351931
-71726
79829
1077314
-724386
665505
-448260
-656854
423581
1217430
-1143435
1116866
1319876
1334613
-853452
5284
1228400
-122933
1237040
-1319334
-777860
-282849
1155791
1302618
-572967
739871
-147554
964129
86212
415939
-720037
-1292781
294575
-662364
-480336
973347
-1233994
521258
361082
-358551
1337710
-800012
446481
1331119
-528338
-850380
1015750
345674
614055
665687
-1102325
-152881
-783918
-1296718
-998684
572162
-957623
-1140506
-82438
-1328382
714504
-1362859
768598
-443315
-1187326
109861
902358
-894778
-237677
1268550
-222716
-451008
-660985
-654586
-205795
-749539
-638309
-950471
-24081
798850
1249554
193728
345237
1335516
-469496
1279417
-814649
-952279
1041859
-861831
-62594
1338312
66465
537049
-1253841
821479
-659403
445543
-882354
1162277
677607
911298
-1023608
-424562
867901
414328
535788
-1210401
602475
1311979
794463
-876112
-1048035
1156118
-808311
1251831
-926397
-209443
271932
-895833
1140418
-554824
-1021523
-896328
-675613
-24465
-1222307
-904220
459324
79261
-643643
1356789
-289868
368079
-357076
71982
212626
-1302827
236895
155513
86038
-1325350
749383
-71891
-690297
-162599
-686972
387620
-318270
966086
629649
1039606
787707
-1093354
77809
723044
364188
570047
796370
122235
953659
-335552
-639684
93828
1301695
538847
331904
-1072517
-1217903
-967570
-456616
364426
-963210
212255
1039453
-964310
715456
182109
1313811
396326
-793762
237074
973454
380262
107148
-337152
-215031
186056
371572
-170792
1363313
935885
669448
1331316
431418
1019790
-96663
-603561
-286217
271032
-288508
197060
-771143
-943474
-1119316
584794
-765802
1131547
-287563
-834446
1344581
-311256
636810
965491
306379
653794
440193
-1072463
599630
-690066
609148
-299738
1268935
-399735
502028
-972898
-549753
792558
-1152424
-1192127
814707
-798271
-116149
669947
-488057
-1244737
-186485
-529050
-572214
992663
-304269
492226
-1189447
570652
-300652
-636596
1346958
-411725
-289825
-509573
-442766
-160683
652420
1139860
-772227
-1032660
461442
93967
-152437
961398
663791
-580846
-10596
-219809
513880
647511
627658
428932
-1037934
-1269897
1096598
960107
-704633
-1031878
-836976
-701842
163662
-739452
1308490
-711340
277880
-609623
524065
-331928
1082101
-251514
-710483
-192470
346971
-352878
-119103
-769627
549089
-855126
-67580
-1100700
1332734
206720
636525
987535
-619833
-1141402
1330325
1345097
-628006
-658876
1016110
-665983
-1125526
-480634
-1325003
-40058
-911691
-595952
-531115
-655608
-531282
975384
1325739
175261
809975
-347755
-829788
-469145
-716490
-317142
322029
-536582
-730044
154514
1167733
-267776
-1218791
923711
323024
-785389
-414359
-170080
-1135745
920847
-1169199
830628
286674
-1355446
-83070
-976015
-690889
1347894
-138969
-104461
-558121
-612310
-740718
1186794
558185
302905
242503
-279275
291522
-319501
-631430
-604542
1017363
-480669
1136548
-428991
811929
-476751
-716778
311400
-955074
995487
-57949
-377488
855400
-252427
442284
998345
-1267959
-204251
331190
-1319970
101520
438476
1295226
487925
-215076
518126
-1251390
887145
1106006
628989
-1011733
-292690
-1316954
-191164
679555
435090
1158776
-1114159
426854
-1316879
-1149238
224148
-388544
-719432
942758
1219696
-1368593
99795
-1124079
244201
473372
-968514
-1194765
-250755
816452
178500
-355860
302535
1297856
-707247
-997590
-261052
1084091
494104
-146501
-264269
-791869
529319
-449237
-1188327
678379
-195320
-1158486
809968
-427358
905682
-109535
831234
-180263
-1070970
1281713
1298292
-298581
952088
-350015
923656
-999109
-313525
-666433
1291856
-918899
468721
1136706
-564955
-19676
-648620
-400386
-838448
42949
664519
-680769
-1193209
1064309
-170662
-233514
-1022046
-183888
-916655
251626
-233874
452485
927939
1216196
813550
-798918
-874012
-377731
1123632
-1171267
813643
-1076998
921703
412057
250415
1154673
-543825
1336766
-798254
673894
-530787
-37674
-591948
964331
-188698
616276
-844011
-174127
-453300
1024137
672370
-738492
-59598
128920
-270719
-648348
-682517
-1144575
45471
-668436
223870
87467
-710336
-415495
-1215003
-166035
-618441
621801
13181
834746
-208835
1252053
451807
-1347019
-371353
822811
-909625
1285028
979758
-651379
1173362
-249552
346372
-386916
333151
-1029246
-1195839
-510452
531971
843209
1291115
1340907
-906481
-1152936
-1217993
-532561
127275
985022
-1092140
1314544
637767
84755
-266119
-205497
968815
-407309
1188975
-1242445
-1069049
-1260150
-408478
-570576
988667
-538002
580868
1102444
852952
-588935
263802
-513129
-265973
-385471
945181
1274415
-733966
1143024
574505
-825337
1011482
79853
-894586
-844972
557548
-142576
1220809
956768
1131996
-68433
181665
-1344505
8024
600165
-458490
-725540
-276606
146574
4785
-479572
1172103
-906244
1062958
804539
96589
1264841
1144753
-1188052
919604
-1062255
155516
-149709
872951
-57136
-615001
112703
-1012535
375743
5902
-1065036
1024813
-635296
650552
-68041
-216575
-474644
760327
189945
790170
839547
253483
-1170934
118352
-695700
-963327
1072412
334356
1259616
-413862
1277728
1283204
-565075
202887
1136167
259389
-587810
1251884
1312437
578744
-468041
-1299398
784455
-749202
-723719
1332344
1127898
1362286
-210994
-729136
-641077
398342
-152809
836815
-283163
-579603
-1049938
-951813
513397
1287387
727324
887513
238732
960607
-1358497
-773732
769749
-202808
788320
1084507
-980350
849552
-125309
376220
527427
905427
-681011
-660706
567030
563299
-1328316
-954706
-776641
-782144
-787086
727522
-1013060
798027
-600842
-1208362
195493
-951532
-520073
816457
226879
-1291618
395344
540805
-1158753
80896
-6586
1029046
1045299
71350
-1274745
-459368
-174120
-1123577
855855
426541
-283987
-40844
-881536
-678572
-9482
-366826
265113
476629
1292414
-562149
1224129
-758356
-1323492
729390
71716
-309295
1328675
658675
93498
-981929
166016
-154224
-1282214
-24384
-533066
-1316632
-1105056
-1189626
855948
-57402
-996148
207286
-912188
-378272
-507229
-1068565
-776967
1106339
1122927
571403
222110
137827
1155929
1315411
-863577
-71279
-976399
-959301
656560
449677
1343330
-660471
288003
-877482
-1232831
1190554
741989
552598
-1078099
978129
934463
-175433
920088
-125554
1215829
573451
-267861
140328
-1024098
-477029
-757034
1244654
-144978
-361841
809017
-818810
1143518
789029
785233
-322794
-327411
821326
471929
224681
552822
275212
-715723
-717422
24039
-1006195
130813
-235565
1056186
-1363839
546680
-768085
506908
244242
622873
-576239
891217
-166209
-804353
119758
-517781
-279799
-856143
-737522
398483
852312
-324738
146489
624344
929352
1186129
-376860
-791919
-28013
-304304
1240502
750458
144693
-435305
177813
-1117731
-49198
-657933
-67480
458192
554853
113208
652431
502350
-74573
302876
-600732
945275
167372
663045
-343804
-411448
-947362
329137
-587789
-1276288
1160350
718344
-161056
768545
-297011
-256962
396375
-1347013
763119
-451563
558809
1069517
-745644
382067
92765
508267
-246563
78536
538109
-842352
-1063233
-639996
-908291
463392
-991553
-486174
-827654
-309360
165631
-1104833
1171640
-1362422
-398361
621115
1246058
348139
-1352064
-125594
319701
-1005610
599962
-523287
1076628
-1022358
463632
-541169
-1341365
1145373
-1246501
905327
-759113
-958589
996369
83893
-17297
159573
-331749
-778316
1270406
-185363
624084
624011
-1331504
-388924
-661093
-1122091
-602568
1351795
989750
-677174
-217309
311987
289921
-1179009
26843
1141427
-1005055
124964
456237
1355465
1171242
-81450
355116
-1153855
623875
-114700
-1164038
149651
-1233613
1295168
-847734
-433576
-586836
-1339388
1329811
-271090
-1343588