4524
-5261986
-5012048
-5587362
9552096
4274945
-13428432
11904864
14541321
-13359061
-8195707
2668357
-3293173
-10808571
5264890
7452014
13150482
3391179
-14238935
-15096368
13568333
15188900
5133036
-6066412
8842671
7902448
8664406
-13428072
977989
2602361
-5127015
13567828
4737643
-3804584
9444993
-353702
10022991
-8941857
-14266438
-13718329
12799264
-13181814
-3476899
-3020156
-8769884
-3301175
7820629
-15163090
5498408
11972174
13668720
9970424
-11552029
-8827224
-14203082
-1110083
-3644207
6461147
318158
-3578923
10383835
1201632
7061136
-9883477
1908837
3642607
-546738
7007564
-4191017
-8178939
-812053
-3999327
-11919450
-3578278
-9090008
3208796
-4905898
2263044
-5368280
-10790183
4650544
14390075
6679006
-1160367
-10843146
-1663212
-6356424
-9837579
-11305215
-12555683
-8699659
-9860787
-5578154
-10985951
10115285
-9562032
2851136
1022666
9134519
1719990
4376807
10110678
1366568
4297450
2171372
-1453279
-2170690
10559001
-8049854
5351676
10526700
13356223
-8612090
-4487657
15059580
1658963
-11434311
-14673482
10880274
-2314277
-4875685
-12448543
735073
13514806
5114136
-3707992
11799269
-10372884
-8164407
1765990
-14780705
339181
5205835
-5496519
-1608368
7333421
5660789
13532437
-4767163
7774148
2158508
-5271039
11511861
14285233
-8644758
-15562081
-4667412
2627543
10036580
-12395052
1790045
8593236
-2175450
11471959
8570805
4454711
6329761
-9118237
13560428
15335845
-1378309
-7010251
4988565
6128517
-3047771
6000780
-12535429
529395
4708729
-10313930
4324818
-5381374
-964401
-8161308
9708772
13151743
8569258
9903464
-12200544
5564561
8101189
-5298236
-3099845
-8074185
-13325818
6322389
9065354
9119437
-3501058
12219368
-7790411
10390622
5890029
-11794991
12924247
14601669
-11284790
-14511597
3866609
14725801
-13664173
-6973375
-7150634
14325792
2113953
15500529
7143747
-2201852
6389058
1303731
10039281
4515936
11422400
10663839
-7622953
-13757820
7092911
-9731246
-50336
5444889
10285378
-14999988
-10472345
9380460
-455282
4761426
843068
12277509
7859368
-11257320
-3084962
4183023
-9244184
1569138
-13370716
-7070578
9826678
4990696
1266450
13428043
2102639
-9009943
-352122
-4742989
12043491
-4643173
6468510
-11704275
10421637
-11938782
-8264465
11003646
3582295
-12416601
3060918
12463452
356330
-6398370
11455723
11539320
2787939
6709489
-5182706
-2805817
-3873432
1111122
-6188863
1101100
-13859578
-72994
-13354615
-3585254
11964732
12785374
-336398
-424712
-10593583
-2579884
7092440
11940041
12257204
14692052
-15412482
-7434760
-14732044
-8045360
-11611941
97348
7901154
9242285
-15617641
-11721300
-13775305
-4901905
-8754898
-8054398
13686733
-5967251
-8231416
10197373
1949234
-8329406
9136296
-11650683
-6947390
10375029
-10862588
-9864894
-4733421
-14551613
-6557142
3185290
2583454
-11544087
14969423
-14746976
9962407
2501614
8494619
13155293
-1219859
-5557490
-14379071
11204687
7333203
-4478470
4551701
-14369135
2895279
-2538436
-6119010
-4255687
-11969263
10330213
1800002
443387
-3770705
-4317641
-13107562
6209573
8336842
-1729117
6604080
-11409363
12939353
12040827
7752186
8296755
-11810958
3612454
-2190316
-8056632
10965884
800264
3728335
13601953
3596064
6638851
521935
-6632473
13747867
-5039725
-9744430
-8173917
11095168
11424152
-15458401
1041868
9337433
2650217
-13596293
2088576
15356699
7071954
7056330
6527135
4754371
-14279314
11425324
-2812101
-3407443
10582846
-4499806
15497778
-5028924
-1352349
-663819
603488
13847957
-3054228
-15126514
-8154701
15233334
820853
7637127
14968870
8831328
15379132
-5807433
3276660
-231140
5388853
11709443
3040374
-14954017
-313596
-425569
-13689735
10523880
-12975613
10048464
2482525
-4463558
13565675
-1513220
-5394300
-14043307
-8791523
-11974470
12516679
2948076
8660386
8033248
-4342496
12037943
10186421
-13987149
-5049002
15119709
15298390
11266387
15077273
9815556
1637108
7547843
-9198240
-11984366
-9390088
4502484
12612990
-1003718
-10242500
-3571297
-12257897
3206375
-9243197
10108809
-8824675
6521257
-1511300
4269982
14755511
-7155656
-348997
2181447
4748090
11107896
-12428777
13568735
1183921
13117501
-6365721
4597573
2462249
-7263758
-9487703
-4639770
-12342575
-667780
-9713456
9141450
-14374823
-12400650
-9943771
-10689123
9256247
-8939987
14919192
-8008148
9005055
-7505858
-4403121
7121623
5738277
5728969
11191776
12189359
9180555
-5683746
14792004
7760474
-14772524
4984113
-5434063
8379944
3207866
15350055
-11826530
-14463346
14394220
-3559000
2996705
15267563
-5714406
14258833
15481354
-11200107
-15147710
13486882
-2187073
-9426185
-12758659
1755528
3917749
15508548
9327822
-3736575
13823508
-8420472
8206216
12291156
-1714441
-12826167
9315091
10981959
-6163798
429499
-13758416
891350
8029885
3680201
-14936096
-8210774
11165208
-15162479
8332303
8779122
10157286
-2977914
15483552
-12933133
5480757
-3857511
14763497
11426916
-14593734
2888880
1944942
1715098
1258404
15443801
-14293550
-9628417
-12276756
11937524
-9946080
-2101918
6698483
-6034891
6532584
-9582819
1586905
14930506
-1899372
-3160119
-2700715
6000637
2379376
6461100
2469869
-11619767
2744730
-9569921
6088972
-1378719
10674843
13835137
9093511
5721716
13780414
-5036155
4599864
-468772
7034838
10717588
11521446
2713362
7165864
8277015
-12912437
2029121
14522856
-1111753
4470044
13769489
-3837850
4238556
13548301
3736654
11610962
14710423
-14972816
9546666
-4605405
-8318636
-11112288
10262051
4269466
1322463
8784541
9726371
5936496
-11749157
10412983
13837666
11500023
-2224638
9211438
-7745314
10930791
7694689
-12927479
51546
-2762071
9401233
2104961
5453320
4750370
-13809256
12845517
9432228
12442897
-11684557
10310537
-10888824
12120730
-329810
5362144
6901717
-2594987
14833712
-8388724
3517007
15616720
-6487000
-13506127
-317785
-102413
-11159682
9868286
13609369
10704063
-9304147
4372924
-8223563
-4945717
-5492516
4742346
5351945
13167824
11130615
-13978335
4530386
-10796619
7639890
5844377
6092751
-12237198
3713274
-9798077
-244069
12495701
4148354
11057954
4226422
7265171
11344127
-5370189
2137769
3246075
14557170
15251967
-6700945
6379306
11526748
-5736671
9657580
-3647224
-10347046
-13608046
-5218656
13429250
5596838
847307
14518705
-9802680
11492793
-13626880
-5834990
8440272
-12473086
-12504651
13145858
-8540699
-14738818
11289385
14943817
473444
14217044
-2693074
5078251
7643305
-4255502
-11655328
-884840
-1373477
-3485536
-6889110
7883149
7642110
-9968993
-7344724
-6789397
3023301
6655906
-277373
12339956
5483854
-15247558
13051754
-3635226
-11333686
-860413
7445484
14452656
15521264
-13028031
-7503808
-9503049
-13903047
12998143
-9103865
-14501184
-14082899
-14745346
-1156096
8778903
-7029529
-13256419
-1448390
-14235101
3520400
13286544
-12086699
-5365931
-11160952
-13209543
-7123631
-6953230
12266032
-10709226
-7162667
-8698186
13190733
-839577
5851264
-13226258
6309260
-13476189
-14327330
6555222
-4988578
-14178802
-14072396
6134976
2750512
-9964888
-6939501
-315942
-272891
-8776877
10016185
942822
7500874
-9962549
-10430755
10497693
893860
-11506038
-11989138
5802568
6809869
-8611692
-3570123
-13407330
15309605
-8989612
8821944
-4424399
-5619534
4660310
926920
3342011
-7377917
-10116009
1395092
286703
10584885
12974627
-51495
-1467069
-4497507
-10459203
11683842
-5949522
4187531
-14517581
528987
5845042
2862493
7485154
6816459
1460662
2644950
15533325
-610800
2250418
685514
-13523071
-6058068
-8734026
-7625218
13459285
1609449
10310492
7182417
4305110
-1555080
-5687448
14763592
-5252170
13054443
-411948
-9132044
1308545
-12228656
-13012981
-15091954
-15356052
-5285263
12164309
-3546915
-11876651
14807778
-13856859
9102167
-11445368
11053670
12813523
-5489359
-3332139
6312727
-486889
-4018893
12899320
-11666056
-7663662
2492648
-423729
15197493
-7916329
-10083376
718916
9007541
4814137
-10372661
7481579
3136676
13270139
5539997
622452
8738876
-14756894
3913269
-12304168
5769968
12824508
-8846519
9080500
5926072
13721721
2176700
10845283
3747791
11507331
895218
-11145136
-6401683
-5333600
-1700431
126916
8439710
1326633
-3564732
-6349050
12153184
6478384
-7530458
1197535
3643298
1159520
6572832
1905091
5346447
-14448407
-3453977
3618307
7599183
-5406368
-6798357
-8527035
14054954
-13283926
9138624
6583320
-5836344
-9178345
-14220524
4643058
12415019
-2355205
-8192530
1953033
6648092
15105174
-6541772
-6859047
10120992
13006281
-12748343
1721440
-3363355
12124338
13864279
-12632686
12887938
-12259337
10075900
10672527
-7274348
13816269
15395744
-15556088
-4197234
-14930012
4481360
-6190073
15384087
-5572598
-9283904
-12962937
-7576061
7061964
4915055
-7905850
15624530
-246152
-3222592
-14393505
-6398305
6137245
8521506
2863562
5409269
43445
5370171
-5364516
2068260
-9192164
7032285
-8452954
-4654446
-6676369
7861837
-3838915
-10178105
-8906612
5833866
15506647
14037607
-13987870
5597029
-6965853
14910738
-9391414
805392
3675831
45455
-7122846
9956345
6714804
11568025
-11229855
-8499447
12475474
-14072671
6046735
-9300950
-6417424
-4420704
63609
7592603
-4766606
-14129932
-3855543
-4609296
1929219
-12875370
2386263
-12992284
7142333
10569646
183363
-10976021
-4490063
-12024399
7100404
-13480921
10194558
-12744515
-3185707
4658571
14772399
9494983
-4215360
-14254017
-15108491
13431019
12364564
-11755427
9980985
-14432892
-5949134
-8044000
6572029
-10646991
15186727
-13199535
7054235
-14156375
-1654471
-4120844
14891110
10756235
9405632
-12771820
13735890
1222595
-45297
-3228964
1451222
-15186699
7182314
-14612139
-10153318
-1676695
-6248178
5428571
3501256
-13642699
12884752
-11037576
681245
-15356993
1079321
-8672109
9142429
10068475
5183540
-2032317
2297726
9873374
-12769483
6077985
-13382401
7255260
-794788
2754425
-8985303
-9679697
-5052632
-11890111
-59722
-9539983
1263376
-7429819
-6951596
-5700590
-13560105
-14182199
-1520076
13469819
7729568
2230863
3781333
13315943
5146112
11241139
13514278
-14068795
-12219854
-8652141
-1632233
-2661772
-2781647
14569554
12227486
-15006404
-9078427
-2461384
14224931
-4435989
1420191
-2127193
14703645
11159724
5482435
8104883
4101565
2119618
6677444
-3679786
750366
14851490
-13559884
12048393
-14345361
8956484
-14680338
-12008615
14139955
9021849
-2094567
-381349
-4224159
7450493
7377880
7187591
12730703
-505430
-9439766
2346818
-11883330
-13872826
7153732
10158040
8520099
-14685963
-980356
-2677288
14290560
3761647
-15041260
5475741
15274854
8111423
12726782
1594761
5886575
-3260004
-5442732
-4723850
9737781
-6726042
11878444
429199
14540662
-14104808
582152
-7706749
-12845465
-11043976
-2504951
1100916
-7362945
604797
1827197
-14440777
-11066669
8997292
10001287
13544686
13549445
-5231439
8263608
2638399
-7726481
5141981
6657254
12181360
-763895
2873825
-4154950
-11399425
-5910812
-1648408
8602448
12762258
-4578128
5745986
5140459
-10870164
-13715301
-4917383
13100033
7398897
2886258
-12834517
10015449
-1478686
-4934288
9813447
11157342
-14725814
8312431
-2636911
-12278287
2503817
-13710699
8352611
195597
-796169
94434
-8034301
9445386
-2323567
9531175
-4276053
8811268
445701
-8149990
4138977
10029374
12670173
14204435
900744
-7302334
11469757
-8922221
-3684206
14156640
-7632385
332520
12744741
-4892392
3583364
-212052
-15049008
-13247673
256573
914935
-1595700
13298813
-15289834
664175
11379344
15206228
2896688
-7373192
14523981
551856
3159053
-14465153
10092084
-14737742
-6465998
-6152157
-15270364
-10819761
-12237467
7679363
-14169162
2312243
-15309159
12274708
11398079
-10026719
-10971741
-8039668
-284240
3437237
9385861
-4416928
1181335
-5705905
3339029
-14359398
12585405
-2967057
-12171642
-6562951
9629808
11205293
-11702308
-13825966
-13222230
3910172
11908832
4761188
6363136
8053884
14158667
-4119
10972186
-5690254
2299391
-14539571
-13277679
-7612799
1793048
6875475
-10825152
-5032007
7724236
5041932
-8992371
6455583
10309838
13653363
-12040755
-14676952
-10041450
-8748596
-7274518
4792216
6868289
922852
-908641
-3864406
2538464
2126932
-15341437
12923241
-6300554
-7750225
-9940910
-5992196
10959700
-14564634
8039515
12064459
-6885786
-8236270
9310844
-8607573
-3426034
1939785
-12550311
446126
10415651
11243209
4880844
-8833039
13540532
3709532
2718756
7954130
10596651
12418596
-12450209
-462871
10315735
11460599
9717362
-5238883
-14116422
-5799372
-8759619
-2027818
936643
7844651
-3436660
-14694290
-14669212
8312330
824870
8518149
11208440
-10649313
-14819380
5184257
-14324663
-13727549
11420367
12752272
2855656
-15209020
5096000
14390307
-13802171
3473283
-410349
-1235861
7171229
-4677283
-12704833
-8656385
-8879704
10965646
-9373801
-5158176
1999376
3756805
14310344
5980553
-7206865
-11133500
-3924190
6268372
8156928
-14777347
-6465976
-12645113
6099631
-4045158
4103972
15043239
2649506
13003230
-7189273
7369003
-6819068
-9946264
-3192870
-8506163
-8404010
5718462
-3060139
-9804264
10994224
-11992666
-6312866
9461264
-13091342
-3497593
-9640673
-11990300
-11527631
1871051
14910483
-85345
-7171304
2085151
-10869942
-6948872
-8282183
-5384810
-5111544
8005691
-15017589
-11044137
-6995435
-2357137
7592226
1044344
6420181
-12591726
-12517190
2238679
-2294266
4920019
7758992
-5602101
-6240245
-3647911
11210531
-4538971
-12095551
11605059
2911438
-6518482
4503427
-1551979
-13505756
9596340
-3097943
-6808037
-809400
-4849586
8181808
-12381247
-3466175
12103712
-9788891
6585898
-6935609
9445942
12547135
-7305099
9082078
-6262758
-3672938
6255847
12647287
-12419457
-13436188
-3790982
-13788786
-14188763
7319809
12953154
-3833825
2534267
6576795
14977759
-771856
1417653
11125851
-9109339
7591440
-2468996
-9741272
-8739095
-4801389
-4493039
950178
4166577
13110137
9645613
-6644791
-93304
15096028
9045142
4707694
199715
-393640
4120320
9548190
-12671215
-6507230
11728592
5569246
-8460100
8769310
-12242788
1026143
7711323
1567197
2333378
-6093936
-4134749
-13413123
10009800
-12992452
1014297
-5352918
7264089
-13197747
7576536
-5967695
-5579568
-12622711
6856122
14090693
5068780
-7184640
-6693662
-6319039
5284334
-9443159
-10885641
11507500
10731481
-15470348
-11879622
9713247
-5591469
-13869231
1440116
-2591503
2876452
-3462085
-1954766
3105834
-6664552
3989298
-7889650
-13590895
-1784284
-528898
10022357
-10801239
8156795
-9896238
-11758097
2627222
4752814
-12717188
-11286134
10145517
12393339
9200066
-868390
14475617
-5370422
7487998
5296505
-6912292
6508625
12285312
-2009524
-11371517
13124322
-9162641
12853537
-8441032
1288301
10792630
-3720337
13905166
7315635
-332120
-13773968
-14375164
1814310
-2890330
-13824073
2830442
13223605
-4631633
-11346864
-8339685
4015927
11746202
-10623556
-14349356
14481660
-13999610
-6754939
-14881907
-4946837
9752580
-3347081
8460969
10228194
15186915
-1631281
7138841
-1272136
-2434062
-10433284
-706077
3363367
-446667
13022661
-4620922
6459272
9519105
15192427
3707004
6187558
-5343030
-2419871
-10339770
15354459
-4086402
8771223
-12379684
-10596611
6480817
15443506
11386959
5929935
-3343906
14309440
8022111
2264263
13491695
-4219791
5245364
-13542877
11454144
11243681
-15281697
12051751
12715267
8961628
5193117
-8957566
-2022985
7623400
6911358
13514390
8305428
-13766877
-8325577
-712416
-11436396
14320117
-4944716
-14667986
-6333019
1396648
3162000
-14215005
-1573711
8380811
-4339967
6853131
-7117958
9246509
13120085
-6509149
-1402180
2118573
-1721248
-11679623
15152938
-14004979
12800190
13529984
102218
-15257339
-5655664
10743007
2778484
6595204
-8002607
7676033
13266229
10536062
9943644
-10114691
1374437
7123738
8294063
-12962643
-7098775
8027883
871262
11652964
-5773252
1453645
6450293
-10254425
-3536592
-9365317
10426030
2759022
3181097
-11796658
9683150
1878420
-12714754
7870663
-3835060
2714180
4705450
9860543
-9968237
2602974
-10078541
7214554
-13858374
-8062856
15003430
9124576
-2806787
-11247928
13199619
6630837
8579588
-4179506
12227690
-586388
-4168652
-1655289
12721061
7302068
7345033
12984184
-15587589
5710553
5369521
-12033510
-5464212
-10702434
3254186
15244858
3115799
8555182
9959181
-2474020
-13464531
445565
-10715229
-9515997
-13230059
-1389321
7594453
-12338274
-11791622
-13925851
-15223162
5780865
14148521
-12182491
-8553312
4233513
15185988
11176915
1562923
11221354
-6039492
10508478
6785527
-5054980
-3495853
13875953
6406767
-3514065
3006851
5723642
10706205
7257424
-11598358
13187012
-6241162
-343520
-13392500
7406573
3329453
11481836
3301715
10267915
-3999844
-11791840
14796018
-5550718
4118168
-10207985
4733277
6133109
3521126
-4487840
14923538
-1148121
-11851418
-1196433
11022214
-7353141
-3652530
14068959
-10823582
7874163
758250
5678340
14004544
-12813995
10093794
-4392823
5258863
8798008
12330107
5534856
10388616
10603097
-4771947
-4010211
-10579804
1868771
-1526548
-1020265
-2264626
531642
10266774
13326609
13225464
5207989
9370415
1240566
6167895
-3524879
-11249816
10396290
-3899309
-9391374
15558964
-3248651
1242021
8732182
-12988208
144983
-5207109
-8172151
10108069
9949976
-57187
-4662376
-12572442
15161370
4540882
-15128163
1841761
3592520
9741092
-11306952
10078700
-14183520
705762
11001131
11371812
-15444298
-4736421
-7744356
-12604509
-1962624
-5139658
-279742
-6678025
-9947921
1941025
-11792341
5462445
14445732
-584423
-4203523
14025566
4415129
-8619981
5885173
6320516
8972063
7270334
10483234
3962698
7690384
-11762998
12920884
11340104
-15305833
7668353
7896641
4200212
5799169
6239627
-14301408
14691183
-2402759
13273792
10478749
-3492968
651324
-4068635
-4950214
-4054498
13745497
1850909
-14051740
-14935796
4286461
7768287
9633877
-12647486
7237578
8849005
13623311
7885641
1766442
7734476
6573871
1262435
4659734
9263397
-3528432
12441037
10370631
15100688
-11584546
6746426
8649961
-13513128
7900993
-11200050
12109039
-6949805
-1172612
-9140708
2583438
-10212201
7393937
-10956203
-14499876
5146365
-4311592
-10158359
-6161460
-7062343
-6792996
13768018
5946282
-7469716
-2524454
-10608960
10588010
13218381
-8460148
-13465008
-13662970
2052329
14937753
-11597868
4340855
7309575
2897582
838105
-6459450
13633932
6658687
-3822720
9688123
-10339232
-4667934
6288819
-10534041
14339315
8751633
3524330
1762565
-14429137
9672968
11329844
6687582
5918850
15352695
8127452
-9913605
11390716
-935877
12344216
1780992
-12118888
12950481
-3998097
2354726
-2348987
14667907
-6967314
-14743439
12592911
4207891
-4740132
-3328914
-8392974
11151024
-2525959
14899592
-1695954
-6404859
3153552
-1302124
13006006
13959232
-4938942
-8101195
-1228171
-868557
-8574989
-4260880
12666943
-5859353
3641482
-7426448
-2738547
13327082
-8009730
9733238
-8349233
8273994
-7564668
-9835087
-5366245
-9556052
-4434803
14058590
-11493250
-412757
-3595459
10057170
9750998
8311579
-903570
-15619168
11973907
-8769561
-15390528
11035142
1183785
-11894301
13328708
-15374574
-1555770
5193671
-11860182
-15130130
-13054102
-4263321
109599
7510264
-13312394
-2754190
13317088
453058
-2815955
-2933894
-5829900
6264858
-12375960
-4724281
-963427
-4749720
1302045
2967467
5330094
11513201
10290541
-10023930
13747822
4685033
10879697
13491465
10994776
-15170708
15143799
-6498811
8985086
-538284
-7687550
453504
-11483074
5025776
-6740296
-7063325
-4742298
-13756562
8322039
2615434
6967784
-3012899
-13566580
-4066992
-7837890
-369117
7359392
9540277
-14319272
-1828002
-15219567
7056490
12989246
4455469
-15061531
3550774
5817355
15028468
-10566350
4212457
-2605766
-1867657
-11262253
-9269145
787489
11038509
-12595932
11867040
6390053
9385261
-3437512
-3333180
13688664
5850173
2047846
14036837
-13805339
7813767
1501763
-4604540
10748365
-1655283
10680593
-5213168
-6885964
7420321
12348932
-15411472
-14948192
-447748
1037738
-8231923
7826374
-1896163
715289
316071
-3634088
5280502
-8942087
1328972
-12922100
14277536
-15029571
11278638
-6695681
-1535799
383970
13261603
-11237416
-1777870
-6279079
-441684
-1217464
-3782186
-2558473
4298494
-12611058
15451158
670249
3043141
15070930
-9403569
5330647
-12921758
11082396
-2366435
3040784
4303519
3969826
-4598168
-7791592
-4674295
-12394262
15357912
11118780
-3344182
3788188
-9880651
10746867
11876644
7414148
7282389
-8925811
12238551
4905663
882801
-13342029
-13930592
-5221470
-5756592
2750392
7122822
13044461
10316748
14476515
12182454
-15116567
-10704170
1969017
14177686
-15058792
-4734502
-13214324
13740451
10653119
12670031
10593208
-8151668
-7092230
14870616
-1370765
15359839
14575971
13186975
-5729252
-10835008
-12159052
-851471
-2134586
4814614
-13252884
6409007
-191095
877939
-6195046
-7542758
10326926
12107863
-11283962
105303
14478603
4503699
-8150159
-11532359
12933087
11109646
-11754697
-766453
-10879953
-732913
4359426
-4987474
-482084
2816229
1331571
13433058
316142
15342574
14419633
5853790
-5125741
1397448
-1688858
-10960971
-4015091
11598662
140486
10307275
-11609336
-9890347
13046694
4624897
-349927
6446184
2176106
4953525
-6996932
10102236
-2406377
12283526
-14287258
-13670660
6806609
-14114226
5121439
-3192308
-15490851
-14885722
-7495792
-4387841
-9235860
-8241659
-8177094
-6494706
747814
-12505728
618089
-6874761
14438580
-7124608
-9389931
8794350
-5914363
-6328294
5214058
-9302993
5469207
-10954125
12304358
-8556264
5474193
-5334978
-12241327
-8266445
14852296
218499
840671
-11022800
-3727672
-7350662
5244980
11274349
5525277
-179492
7267586
-5192283
-9525350
9184081
-11578041
1635324
-6585775
10972093
12565759
3127674
-10593052
-11076187
11640115
-8891074
9193730
-2183263
12900394
-13342839
-4783960
13550318
-8945170
8783582
15407305
-428511
-1875879
283293
-10996627
11639545
14800521
9986757
1279079
-1455605
-12659964
-10771082
-2043780
-5796787
-4185514
3747351
7312840
14871849
5276498
6725625
5285501
8323296
2850451
-10021220
-15050595
-5632765
-15562774
-9710809
-6011052
3640155
1352334
8105757
-11391527
-9565870
13675747
2376377
7375626
426554
-3877720
1664292
3679018
13943998
12747934
10974910
-9131977
9583384
11430045
-8932342
13841647
4149749
3661204
-877497
2924034
-14795314
-10181471
-3547953
12324852
8774442
4519756
815557
-6603731
-11892825
-12493669
3626306
-4543420
2753425
2577181
-5987122
-12694755
10339235
-3394164
-11710053
-8273571
11822528
-9889334
-12521537
-2892083
-5141684
-12745649
-8732099
6096205
2679620
-4216996
3660751
12275433
-9924005
-3007929
-10794394
14183997
-14355322
8252910
-13709253
-11507482
9747316
-8886057
-103807
1978586
-14080953
8423720
-7100214
6663641
9177041
-10711484
-1956004
9180959
3136978
-5278939
6124210
271859
1129966
12700727
-11630692
2673932
14331401
6070190
-477447
1227078
-6041982
6620667
8427594
13515762
-15044176
14632945
-1363875
15270710
-763572
5983226
15546554
-10998595
3187101
12386144
2339618
9113775
-13408078
5231249
-4736689
-849798
2891163
9144335
-4968441
15087208
306585
11356127
-15097691
12903534
-13822638
-7806123
9733483
14824958
-6341326
11841420
1248537
-12095594
-9965530
-10110212
622887
4835238
-712616
7411254
11647508
8745507
4223241
-9091889
-11648702
10930634
8875830
13967583
-305154
14868944
-10697120
-10431098
-4230538
11739758
15093697
-9417439
12058571
-3833343
14671504
-7138273
-1153385
7562927
270321
-1525057
5808718
-4490240
10309854
-7833893
-5258703
-9050447
12730622
-8724951
-7641317
-13639621
13422244
-6022945
7259078
6846847
-10502635
14394862
11873907
7238364
-2350221
11704395
188176
8984425
-10472321
-11519579
-10814862
-4868648
-3095877
-11214958
-14800221
10257747
10631885
-13495491
-4909646
14764252
6603969
2387591
4651023
11555670
-7399428
3785776
14399565
14175664
8705798
13385465
-14522875
-8766785
-2420925
-10965048
1789269
4757349
-6424033
-12785026
11121528
4046092
-13087515
10597506
-10426901
-14981035
222995
-7355245
-3939983
11490934
-2022031
6420577
-11957336
6569221
-6342148
1104074
-12721603
-3949293
12449801
-3850760
-15180584
-14641492
8840779
6818667
-8539817
6067481
10016178
12120583
8646882
1233077
-9492029
-1348812
12414967
3605807
-3798614
3096077
-12833402
15132473
3362939
7569057
-628011
52945
9230955
-2982584
2896624
1593069
-14822292
-1539484
4969833
-9677276
1769698
12610662
7724583
9016852
15443338
-462386
11530268
7925686
-5817330
7050158
7632990
10378418
3622778
-11321499
-5411867
1457620
14008114
3287689
15008118
-11336972
-1283004
3406217
-3026398
6666423
-247713
-12370639
2750010
-6380433
-9740019
5845978
13969819
-3415009
-10832525
-14817920
978292
-3777350
-7258129
9793230
-7097579
13522310
9266933
11954282
-13780665
-14560813
11997697
4812776
-13370918
-6543672
6562074
5325666
14423527
10764149
-14262730
7660854
14228627
9566936
-733289
1074940
-14949706
11262724
-6053823
-7676249
-7784766
10121209
3796834
-10206228
-14571333
-8965008
-1353080
-13270516
-9296561
13987981
-2062375
-8953786
1928326
-9299841
-14811576
-7355607
8317015
3752938
-12846627
-4913680
2835952
7611777
7186636
-3454474
-219016
-15047987
-7564366
-10102649
6696051
-5544219
5329829
-5566491
14398076
694568
-4712386
-11736570
-8601966
4765782
-2195378
4667926
-6163127
-2774124
11848574
6988382
1307690
-2277915
-10138882
-535114
11951688
-12853306
10997227
8525041
-11164401
47205
2052679
4448336
-11476401
6615729
3762550
2300280
3621985
9265615
3625666
-15492142
-5963751
6910769
-12937325
-14562005
-13579838
-2965897
15112665
12353097
7848294
1596567
-4956772
-2041593
13047673
999637
2886296
-2891809
-3125805
5775654
-2763679
-12017436
6839789
-11628429
10183761
-9152632
-4082232
-7087215
-13087618
3631846
7354523
-3883673
-3819740
7561237
10264956
7929154
-5233539
-9934039
147094
-6898835
-10803056
-7318978
-2886704
-1986169
-7891298
-14263197
-2667301
12707055
13978918
-1730800
11159274
11782332
-8081625
11971473
8422031
8098165
-10120866
-4443845
-4456100
10953460
5201011
-12539308
-11699115
6699921
7383252
-1346151
13333760
-12502802
12982123
8192125
-2500445
-10572239
-2908096
-4357079
-921088
11805310
5813969
-25279
-8608205
13518790
12137874
15426381
10479506
-5547759
-9218736
-5377482
9311220
3277623
6077350
879828
-3060525
-9968059
-7729536
-14557023
-15536928
10820643
-11986325
6649215
9621676
-12148757
-6720784
-8429527
13457972
1171117
15159312
10078239
-15130211
4312808
2449519
11328156
13184138
7694299
3413978
8165366
-10889342
2949520
2662051
4851592
8214625
-11206894
13022457
-5918134
13366953
1390599
12596215
-9499707
12418816
-7928327
5368114
9181695
3803673
-5978835
11531505
-13192755
5840132
-14480351
6155480
-15359695
1566914
-8021670
-4634101
7822369
-4385040
812259
15349560
-4525083
-3879626
8633928
6693324
4169328
-13449646
-4076970
8991121
-4463688
12821363
14584476
-8581512
-11100349
-4505797
2083277
4435793
5137468
10266769
8888957
10317395
4105308
-12026063
4108373
6034147
2830572
1939734
-10462779
5345245
-12548544
4215810
-7580772
7616324
-10184750
13055852
-9338562
-6759095
9570616
-11691974
10785947
-2644552
13160992
4662195
13332064
-5310258
-65383
-13634600
-4459723
12922160
-450281
-4042502
-15502226
4838427
-6397456
-13665617
-7817883
-12348020
-5877466
372841
1118180
938172
5657899
-2764204
12891657
13863764
497744
-5080077
-13232689
-3294621
-9642893
12631854
12185437
-1357534
-8908010
-9568315
-5977661
12317313
14323685
5103847
-11949771
-2029920
-11564995
13933838
1730481
-3792489
740785
13636101
-8110644
14945642
9437186
11508549
-10628667
-7446757
-13095837
7340611
5782723
528674
656423
-10297248
-3006381
-11864078
4161491
-4018280
-3313800
8397139
-607980
5660456
15126343
-11913320
14240644
-15557515
10062541
12628137
11024999
6464772
-8498617
-13662267
11134798
4744621
8520913
-5173580
1617877
10549827
-11874538
12413745
-845460
-7698640
-2337958
13433709
-881495
11904216
-329472
-8564629
13110993
-7557682
-820357
-11417081
888284
-2360480
-6651272
14628272
-13777437
1504454
14586444
-865888
3261975
-7069549
12331663
-15009224
-569895
11388762
13809045
-9569967
-11636074
-9099235
-14219810
9811262
9562493
-1043642
6946116
10296127
-14347879
789708
14403665
-14851293
6824605
5703237
-14056485
-10549698
7261930
862635
-1866157
-8762732
8413425
-10893824
-7752538
8483031
1862243
-11378022
51707
5797278
-3403058
-5863490
9486836
6364769
-12384392
-3333629
-9029241
-6733292
5317203
10696226
-1847893
8438191
13424905
10046024
-685492
7369868
10767992
-13470073
-7506380
-2011207
1299419
-6060
15006086
11485208
6799042
1247207
-3600418
8193036
-3969412
12320434
11979928
3994832
4371579
10346910
11643938
-7850389
12552969
1733675
3644610
4646215
-10085121
5560160
-5063698
11868993
-10530543
-6670977
13244511
5651526
7741581
-3223836
-3644865
2889866
789696
12913199
-3502858
-5437349
-12800459
14358079
-12405535
15083252
-9256176
4245453
-6464781
10842837
-213290
13580304
-4376160
10422840
-8473574
-6682002
-2569235
14710585
5109014
8597445
-1137083
7209907
4258541
10076189
-9020912
4150062
11722834
-13250882
14262645
-14459807
-2240779
-2359623
10247619
-9044615
-13958599
5101949
-11901360
-1815718
-9927008
-5089828
13108375
-1575075
-8413470
-1354467
5840387
13165376
12405834
11584179
-4418882
10035512
5037412
-9697361
8929889
-4105107
2338558
11734563
11067877
4151217
-5981069
11752653
8523574
-4416205
11230848
8784581
117493
5122337
-4231490
1818726
-5549187
-6475983
5815540
-5881363
13382332
15029216
-4971945
-11061334
4747803
9667118
-1183824
-11661569
3047017
-12343354
-5153347
4050651
-6672864
-141504
9829976
13055355
7835631
-11832881
13984396
-3542233
10976033
-6504731
-6908953
-969191
15377006
-2806377
14025225
-5274601
3368361
-1465219
8690841
252114
11595264
-12866073
-4386425
-8208136
5750817
-12192698
5150562
2301618
12910210
7727099
-3618382
-13355385
-10679402
-12955737
847535
11071404
5127420
7427601
-13137607
3001099
-6396476
-11551153
-4975266
-14670239
7424845
-14669641
-6022839
-5305094
-10645855
-15241338
9549579
-12289237
1613610
-11614338
-3002001
2764558
-6198094
-5925585
-6142138
1174235
-5155336
-11135108
4548273
13789644
9848249
-6608136
8439117
2872944
7499160
-12293181
-7963828
-2969637
-2399476
2565022
-3514720
-2394568
9270629
-8493766
-7238753
-3330370
2309534
-1019895
-7084321
-11796965
11048238
8976848
-6132936
2856746
-13485624
7554639
391418
-6959297
14164
-9532349
-2226373
7213887
5679072
-13680596
-10630517
15266007
-5222399
8434037
-14349135
-10315691
-13831135
5869731
13278195
-6248447
10155213
15226751
11157083
-59358
13678523
-2143426
15610684
12595918
12882918
11893976
6026123
-2464277
8838222
9385210
6414625
-8714086
8108630
-10900302
-2483839
3321944
13831686
-7128665
-12512884
9167266
14155492
-9855157
10154693
-3961527
-12053389
-8486857
10907532
257646
-14355436
-854918
5584244
-1139494
11067659
-3272591
-551523
-2322444
-3202179
8902879
3037205
253258
-9057401
-15351043
-13592475
9785124
-4792134
-11386936
-10561236
-7518867
-339900
-6002606
-7530865
-5024117
7116998
-14181283
-1867530
10469211
-5538018
6243673
7680819
-2749136
12371421
1309568
5547831
-11232811
-10835367
11617936
4935172
12940601
-8833720
14144506
5216110
-3014556
12418658
-2196473
-13049749
-7928526
-6570038
-2239234
-6780412
-9528942
-15411607
15623702
2803606
-4639930
10110505
-10554822
-5222322
-12409413
2916907
12272461
-9410464
-14532199
-3500855
3032915
-7095744
12485542
-14488367
-1883496
14903137
471791
1907338
-8744552
-13524498
-15238196
3794468
15538025
-13233402
13826601
-10022885
-7441232
-8699259
2842984
3469135
-5595269
-8937519
-6337248
11872515
-3936231
5366588
9162997
4838242
10151217
-1507938
8370209
7503641
9427931
-13277086
-14738592
-2333313
12254254
1238757
-14893359
-6941942
4970641
853035
15210729
-10357310
2989503
-15476031
15249356
2226585
-4817208
-7030851
1980391
-4146548
2037682
-1728223
2567432
12508031
-8634671
14448617
-1129088
-11834489
13257824
-11446591
4713654
-3762098
-13145643
5355449
-14150659
-12395614
-14209883
-11812226
7327540
-7191996
-8130173
10447627
3970430
15078210
1022743
13039596
10742574
9424105
11978284
4237436
4435423
6457632
493951
1223377
3266070
1971229
-4615403
4054917
-15294923
2245752
12886510
-8724543
11695096
-12975802
-5100436
-7923273
-10930318
15181881
8485596
5245264
-3609726
9694353
13047696
5781162
-11563131
-10619608
-1485770
13726820
4727490
4541011
-2262392
5083579
2912427
-11103110
1189394
10633826
13844192
-9344883
1566160
-12390801
-18191
6730734
3072498
-7821069
-5034725
1289694
-1853259
8639841
-13741792
9832152
-8246619
6561972
13513175
13796421
-12160335
4398238
8597262
-6672451
-4380025
-12026850
-3797530
8333679
11562158
-11955758
-10151606
-4733590
11297487
2548176
-11079770
15001215
402360
13539797
4642374
8381726
-783347
14944144
15310617
7255683
9180305
-14210675
-8321371
12004331
555502
4907917
-12744724
6659724
-530959
4233706
-5270127
14463181
-7284909
-8633229
12953906
5980146
14267320
11649167
3131856
10935169
-7592435
11473679
-4209167
-14208182
12254126
13749463
-10612432
-3514124
-11601212
3846240
-7754423
-8296582
-5550353
451901
15005956
7735891
-13758368
6851417
8984639
5190038
7567629
9526385
-1931826
8135557
-13833341
12867641
2291133
-11963509
-1646338
4729899
-5962612
159976
11285146
13396190
13000187
-5993743
1521821
-13282
14722200
-11036494
-2780821
2250532
-8338302
-691242
-9061379
10817327
-2465294
9318973
-10648720
-4425004
-11389946
-14675148
-13181444
-13218227
-14563326
-13894900
-4525229
5107219
4406706
1159981
1490439
14911505
-13106823
66362
12235014
-751449
-533136
-5745877
-2511577
-11748362
9538508
-3858178
10509683
6891141
2682520
-5907680
-8310165
7029208
9655169
-13211272
-267416
-4223451
-12767096
-9071803
3334713
-5505154
-10302971
-10040630
-965068
14361940
10130774
-7119625
14479539
-9690381
3572031
-4182014
-12989757
-838873
-15044059
7113267
-981450
10392815
-6063036
11098345
-15227913
-2955091
1815258
-9987822
-2602948
-5130961
12265174
-8457659
5817757
8723528
-7549072
14435373
-3986413
12549222
3876087
5615526
14862762
6872456
-12267529
12233117
-13301098
-6243124
519043
-8338812
4127335
-1257191
4037827
-14138600
2460375
10506739
4273863
11705250
-7751499
1339504
924386
1541683
-1312455
-10757802
2113013
-878379
11780030
-3736427
4309492
13349897
-1758234
4795083
13288162
-10273887
6241588
8961851
-3347278
-15497505
-830100
741282
-5322235
5691908
9320855
-9955755
7198788
-10272079
6042697
-8976430
487875
6081943
13319008
12795486
3604075
-1863867
14001233
-13846906
-8160997
9227363
2207323
6476668
7668385
-7207380
-9117661
11430629
2900367
-2849689
-11031799
10571513
8514738
13111536
-8315434
3992350
-4511605
-1947048
-11664324
-11005431
-5561418
5899915
-7843208
10690092
9511125
11527989
11447166
11962035
-749556
-6072449
15129055
9206162
-7688517
4143709
-13476753
56433
-9304278
-14271415
-11194524
5442452
11202501
2734822
1588949
4887302
-4447533
-7254329
4693203
6431549
-11381135
8082092
-7373210
-5256405
11891947
-4970830
-10738418
4860888
-11600385
10682307
12216322
-12419887
-3220845
3872410
3869166
-426045
9754409
-11826253
-11842335
-8550120
6263462
790202
-2572946
9475492
11027496
15202578
-3709622
-2239997
5097361
-12435287
1175872
-6875561
-152273
-11681371
11600713
-10472798
-7908937
-6900642
-2448836
1456827
3822007
-9533521
7345328
5215129
8305567
2747701
-327898
9885787
536613
-10977151
11794705
-4742103
-10152800
-3700541
7972747
6713203
11403185
13193963
3333086
9114187
-12726828
-9899655
-13853782
14006651
-3368820
6325106
5053173
-14622308
6271328
-2810023
-1602396
12667120
-5229824
-1392779
-11369899
3178539
-1565541
7885098
-4610852
1468779
-12936616
-7738672
-7773296
5604391
14394215
-232153
-9826134
-14529137
1990425
-4346617
6341967
9826028
-13294816
-15058436
12786064
-13698603
4683614
4980377
2315988
-7817529
519606
-9848015
3552074
13268209
-11125716
-1428278
4485440
-12380733
-2000018
-13213423
-10069940
12410601
1776675
-12115685
-14083189
-3452138
-332111
5736019
-1300131
-8629332
13095712
-7083873
-11971106
13447273
7344502
13609218
-1274319
-2851210
9536989
-9139949
-2528669
-10221609
11866292
-1487101
-9937786
-4683393
12065510
551956
-6322722
-700871
12123338
-2564286
-2889522
5220613
-7108148
-2016734
-12340669
-5108042
-13727813
8779503
1943313
-11726598
-5071549
578818
-7138961
-5736779
-7670982
6645190
11877799
-6509361
-8209117
-3378544
8640112
-14045243
8915517
-3921175
14310592
-3048837
9063853
56863
-418791
8484163
13360602
2342669
-14294146
5015795
5284803
5422268
268146
12855453
2238103
999656
11241469
14371731
9182725
4034865
-616248
-11587160
-11428022
-1104326
4861625
2149894
-10734686
5112297
8322159
-2164743
14588887
13769318
-13996412
6992655
-10413265
12188083
3875828
15408111
2996844
7671587
10218095
15134051
1006749
2853806
15086740
11538399
4546697
-14655977
11256533
14685529
12323430
6634447
7550771
-2605392
10740020
11753675
15227436
-8860641
-15302530
-9983745
-8304825
1244098
-1451442
-9929885
5761327
-8284342
12565828
-8221864
-7154843
15484235
-11289072
15223717
-11554016
-7320449
-7405046
-4334888
6739654
-5679531
9762660
-609914
-3496571
9850096
-3771670
9790328
-9797763
10023419
3971431
-917087
-2418048
114098
-15427198
-9856482
1342252
12260905
-12237740
2401130
13056255
-13977634
-13800552
-7202864
3774796
-2511846
-2987575
15515938
-3803903
13490678
-15482207
-13108374
14236402
1466297
2795246
-6820366
6126033
-10662989
-13928395
2947503
-9020858
-10397798
-7081787
-1407634
-13193024
-8654372
9400777
-7142468
-15154151
3460297
1477911
-5857094
15269838
-4585900
9115313
-12704080
-12174578
-5838687
-3142083
7312391
-14326088
-10790845
11368410
9770431
-1993544
6902499
-11222743
10985237
2508101
10613687
-6062848
3939374
-8760396
-10922373
-7404856
5285942
13091250
-4337443
15385438
-10024237
2239864
2738137
-3506400
13171946
12776931
-5000214
-9939711
-1883945
-1554870
8103451
-10925393
4221736
333335
-6991787
-453934
4984235
13169052
5617244
76033
12770347
11162860
11913848
8610320
-979878
9556907
-11216016
-13454641
1661031
13812899
12129572
-8328799
-12597946
11544350
11065685
8626457
1309466
-5853648
-4983153
2266339
-11549766
11788640
5608386
10460115
419430
-7239772
9121373
-7329305
-8923417
-15105330
6270328
-13219613
6436183
-15453979
-6008301
6257271
2596384
6899014
635027
13881134
-2124922
-7478280
10082027
3592758
-1475847
-2468104
-1455884
664655
-7623176
8108798
14726225
-5529035
-7574299
-14381239
5351291
1613507
-13266756
-465481
1945894
4574210
-13783673
5192132
13400048
-2393130
12585336
-9546751
965894
2530764
-11985862
-8546013
-7158811
6151420
-7110039
-1290070
6518005
5030299
2793862
2812683
4481266
6636667
-8642320
-14855926
-4384985
-3401839
4906777
-12746847
10147536
6456575
3270159
5999781
-5528133
-14330426
-1454742
-3721395
-14984223
2209533
3600027
5511812
-10923811
-2759489
-6226302
-6395184
-2067562
9549825
5117298
-15406641
7692981
8578268
15492753
-7431151
8617235
-13524680
11738188
3129445
-477504
4291011
-11308584
13583877
13526709
-13808975
5283942
-12075351
5271321
-6011931
10100374
-6039521
12359309
-2539924
-10787672
12904085
7181119
547756
-4185237
-1195951
-12298024
-7227436
-4584792
-4163797
-14188661
6568661
7701972
-10365372
-10791889
-10120581
-2407965
4340619
5958903
-1543619
-1673282
14884524
-5839051
886542
7530820
-8759658
-11140904
8925748
-8694040
-33441
9040592
-10846233
-6804460
288610
5286179
982538
12915662
-6121079
-6562728
1614175
-13993426
15418014
1873049
-10100548
-8537079
-10995220
4383077
-651557
7183246
-5697172
-13447437
9947138
9477844
-8535343
-15537555
-13842970
-12780564
-521768
1067460
4257656
4088652
10529816
-261943
-2485775
-5262673
5413007
7217732
4934928
-5652470
-8018664
-3623700
-6001280
14936355
-10832649
-5554057
-8135477
-1584465
-8039222
-14940303
3966517
-4448269
4505889
-15215933
2174675
-9785275
8646357
-4787302
9443326
-12129110
-6560293
-2310662
11944114
-11310534
8087860
5802555
-153711
13922394
4457848
2751969
-3917524
-3021731
-5817149
6949307
-11713670
10461081
-14507920
2814415
15110637
8307210
-7145353
-1979668
-6197104
-8658821
-3284441
-14933353
9329294
11670526
7690659
-11782065
-3843812
12103660
-14025353
-14123098
-11005738
-1269301
-2330628
15423486
7743512
-10157121
12296229
-15231549
13996724
10461478
7838706
5091899
-8525747
-12549373
3958173
-5970409
5849300
-8062335
9006341
7021285
-2960467
6558961
-11170638
2128175
11512928
6909717
-7380234
-12605799
9902167
-15466068
8906206
7598887
10046446
12385647
-9489291
-14525558
-7090034
9819013
-3731289
10076801
15191671
-6531182
10454037
11502091
-4922045
-13417179
-10846946
2458581
12765983
7542199
-12653134
-5055615
-4815367
10658549
-10660495
12660695
-8585116
-12188685
7207166
-10415497
-2206294
-3062596
-10003477
15438787
-12637403
6138213
-7080492
4303174
13710957
-6200520
5255187
-6741867
-13645158
5084339
14322151
6904127
-13652723
-6123874
-1346731
-11491395
-7779779
11568642
-7991723
-9791893
-9248721
13490620
7998847
-9293183
13616598
-87822
75210
-6435706
15455683
6863493
-11915826
-8143133
-5359766
1325225
-12907559
5108481
8844461
7294961
9755851
-4699059
-9637403
-4710878
-8791032
12222262
-5515071
13705196
-7762918
14207491
-615754
-14595607
-207444
-8796545
-12677516
15243498
1265068
-1401177
-5380690
-9699291
4859464
-1471937
15059456
10710705
-6014820
223087
-4900177
12447071
6337664
11932760
6685932
-10716450
1003712
-988553
-1600748
3445450
5277184
7721979
12583139
7714270
-9265819
-14654503
9432635
-1837778
4837693
12374940
-9988432
5574598
-4013895
-3036830
-8511874
-8688299
-6167469
9528968
-13946181
-11891276
5293487
10048025
-4046432
7271863
-5359557
-8457826
269703
-14636661
5772049
13014312
-1500115
-8427320
10711639
-9243540
1295454
-7502648
-794198
-5662282
2142411
4267165
-12316021
-14882722
3684546
-5173918
-12439344
-5321662
-340119
1392051
-7047174
-14707766
-1236649
-13898354
13106849
10649212
-9927558
-8620920
15345125
-4342223
14169365
-6312045
-14710818
4506116
-13673232
-13082008
4902668
-14992494
-3704662
-11553198
-869310
15292577
-9826843
6480513
10245872
11560943
-6674218
-8974083
4766540
-899312
13898030
-1028752
2103115
822492
-2629686
2261090
-4129465
15543758
-7363363
15356177
-13226284
-4408367
-114745
12825884
-12913116
-14334123
6151679
-10866861
11191077
-2814466
-299674
8817459
14553993
11490071
11437844
14638839
1343869
13110028
10336623
-14394599
-5053434
-14281495
-1277356
7975981
2090339
-4675061
14163159
-10668649
-270110
-5097219
-14437841
9747529
-12873039
2854515
-13419662
9555582
-7697363
6793432
2941932
-2512725
1569163
15052790
-10818121
-14408341
4714597
10294961
-13041883
-2489883
-13957999
10756907
-5086472
2457782
-12618814
1826818
9641543
-8285058
13301023
-3169066
5869555
13919555
9223908
-3246513
-11191793
1979575
10000904
-7938622
5355604
6998932
4183499
-4505856
-8407404
-13405583
1334409
12046543
11353612
10009112
-8251802
-1967256
13848425
-5634363
6160368
5102685
15240423
11669844
-5881742
10197991
-10789501
485589
1950829
13440548
10829829
2201733
-11243481
1305163
-11901867
-8572540
-5281846
14493843
10788984
2776205
14565431
-9930583
4630505
3853699
-10110258
-5594811
-8130390
-11566234
-15025158
2198561
-3505854
12441788
-9259513
-260115
10226621
7729343
-9687687
-7752610
8347586
7736981
14590811
3810170
-10099864
3189301
-13728041
-15076077
-7120032
-3802599
-4063938
-6997121
8454386
-10159368
4149364
11694427
-14362661
-6799465
-6714080
-15561437
-7019333
9067675
-6114318
12166829
11836261
1799560
-11678537
-12557694
2647156
-1105484
9685624
1585072
-2047255
-13907712
-15123083
-4947469
12849004
-1351075
-7826897
8642583
2590496
15549077
13306363
5219029
6770109
12542865
15245306
12823784
9953447
-12448558
4200435
-5087134
-10340687
-6293913
-12214013
-3270068
14145800
-1261114
-5549409
-7402008
-4953536
8491635
-6303156
-2574730
-6243992
-2349895
10512669
-1844291
340991
-6533310
-12328338
-385508
-9351947
6866554
3722460
-6322299
5504547
-1094546
-9427541
12255757
-4093500
-6150095
-11146816
-9727811
10635292
-2945510
-4789244
8168667
-10297862
10192998
14661985
8506465
14403187
5053326
2683175
12673797
13827477
10972213
-5660843
13529495
14092374
1427164
7845120
-9443107
1760258
-8533527
-4705827
-5040940
-4735427
-15280503
12729172
-13315252
-367440
-306362
25475
11321376
-15106332
-13734735
4844588
1523238
-5137681
2915910
8820985
9087783
-5201520
1819543
9657776
-10834046
-12782777
7629437
11202560
-1770269
-793610
1292824
15558387
-10045714
1488869
5282622
6187168
11218567
2457277
-5733269
-3375207
-4794436
12957264
14644105
-8268961
-10002114
-5125117
15249045
-8737975
5509095
-4187872
4881238
-3850333
6620758
-1059385
910152
-4544933
3496549
-2127421
-14659254
-11979712
1785795
10265784
13073945
-11027801
9666303
7373177
6267286
11194815
5729369
13115193
7158318
2563410
11518943
-13361010
-7952735
-10185430
-15539205
-4193113
12704510
-11088489
9552283
-13796267
-11425756
615127
2782956
-15232539
-7067864
664751
-14837139
-1343566
11308226
-1067480
7811572
1033168
-6118729
3327811
9628342
7138177
-11663567
-3882374
-12549799
-8136828
-15065997
3983398
-5492653
-2338471
-5943844
-7160927
10381798
-13121473
-9857362
7899084
1563198
10573035
13923077
10726964
4158192
-8154789
4105747
3694985
-499966
-317894
8856274
-271901
9736644
3456468
7253603
-9279118
-610270
-6814717
-7441851
-163348
6933201
1935663
-2349741
-15272715
-14483159
9242622
-345064
-13851474
-394386
-4277674
-8421879
-6316157
594065
12182762
-1692168
-153226
6864466
7207563
-5875564
3444779
-7557242
-2782923
-10454288
-2008965
9720597
-10240522
-2351892
-2602441
2605408
3816583
-3039371
-7675573
4831469
3248905
11599561
8509505
7876658
-7004856
3217419
-12115307
-6659264
2625430
14120488
13299634
-13797659
-12333885
2121202
8637994
24615
-11699083
8439846
-9847614
2829503
2289493
-7008553
-10586795
-9718822
13346077
15104571
8980902
-2917533
7659519
-12252070
-103497
1934704
3941181
13266434
-10991126
6253396
14714017
-11628434
13667272
-2529419
-15090397
-15572753
6691309
-13892542
5201044
-12108742
10907470
747488
-8926508
-5523049
-2585316
-2789666
13469054
-6244560
6145641
-9293396
11682234
13884581
928934
9342698
7649746
11219150
927126
8327106
-2630
-8083722
2722949
-164939
-717097
10741888
9913543
5799297
-11607739
-15108741
-12049408
6640863
-15463263
4362983
-3628480
-14029191
-13635371
13638748
1161725
4064726
-13280804
14808194
4604714
-10345487
-9544617
-6553997
6693627
12456507
-7158268
-12667102
-781979
-13979769
280501
10503425
869581
2058190
-11078038
3808364
5737630
6895511
15060181
-10819040
-8268419
866741
611010
13947951
-4280810
-9191100
-3963689
-2223872
-1597521
-11077980
-9056300
-4118799
-3263795
-849493
3865505
-81060
1214108
-2233201
-362081
8764163
-11476177
5811026
8819867
-8327932
-6192635
-4134224
-8725665
13448471
2895879
-2289106
-9365079
9947214
594183
629081
10596276
6381812
7359271
3157481
11468523
12917102
10831758
2105354
-7957339
15504661
12398684
7086854
-9179961
-6216697
4965815
-8916930
-1067944
402541
6014628
-8130462
5001429
-5647838
3979454
12656044
-12925117
-10542502
12495994
3634437
14881480
-2645559
-2088482
13133904
-1506591
4761261
-1050963
-3556428
5716838
7142763
3785335
4708783
-2531477
326551
5272751
1042242
-6144484
-887143
-1470162
12710028
13595665
11327800
15611527
10682343
-5353678
-2430667
-3418555
7245473
12767795
-15029448
-15555674
-1756573
14876850
3877188
-10106638
1240693
-13891424
10661322
8365787
-9803498
-12460285
-3734987
-1992197
-13732233
3043289
-10726531
1132890
10664905
2465382
-13218084
-452600
-11723994
3803146
1101215
-9892765
8358405
-13083189
8388776
4284666
-7833148
7423585
8036665
-13387107
13900989
-8001874
9402908
779997
-461579
5404903
-10311004
11413929
8657495
11252810
7482031
-10010853
6789157
-13298004
-4723196
-1199929
-12357083
5671118
1794616
-9658564
3062706
7236004
10272544
5743640
-1385223
-3994933
13764356
2102469
11884445
-2825342
3621249
8750176
-9789174
13946940
-2148425
3748706
-15040650
11732804
-7577321
-12949764
10625658
1516093
2811468
-797942
-12530591
-9720054
-222893
-6223225
12598341
1992637
13825768
1877293
-282070
4616905
8391951
-9986732
2991411
-1533284
13448569
-3976250
-14325969
-13128106
-8111124
9894239
-4261158
-13192812
3685361
-8471699
-13238659
7814346
-7175653
613557
11308477
15186821
11621025
12493569
-34122
-9925185
-13406067
-13934299
-731963
7541106
-3326194
7566550
4794747
-4510925
5263783
13297460
8940764
13903352
-10146134
5964850
-4408085
7538775
-3733148
15031355
3158164
6748791
9405
9244158
10447731
3324329
-1703540
1922030
-8143139
-7462829
11218821
4761367
3514203
8772391
8365575
11511623
-13872445
-5805875
-13098351
-1418243
-1182303
14602978
-1081083
4317741
7939784
-14593311
6459787
-5148596
4786059
-15420625
-13407477
-5606891
13799019
6797090
2925700
-5644104
913384
-11538576
-5335207
5861118
13813533
-4743727
-2946320
13537765
11901414
15087702
10826536
11829555
4061729
-6080953
12642148
-8756604
-2300903
2780633
-6208556
5010739
5641385
15096680
1799981
13674041
6655122
-6843008
-10439575
-5822199
7977643
461720
-6991507
14001382
-6559105
8390362
-8666044
-6069170
-2328506
13366892
-14567730
-13794876
4973793
12059726
-597500
-9303622
13721578
-4592379
-13331825
3405946
7813646
6923919
-10758768
-7630285
-10214510
-12505933
3593817
5710881
1751742
3782040
-4779810
-7318170
13763036
1936465
-6689495
-6199028
-7622537
12958030
-11055777
4327023
10865391
13796004
-7967497
14300287
-2664364
-12449770
-13222210
-14910747
-246566
-6652319
9353023
10619458
-5695455
14069741
-12773118
-3671158
-6837723
-14092142
-13150559
-9558590
4803827
-5793431
14818234
-10874379
-6075296
3464520
-7647001
-10845099
-102733
-6030953
-14890130
-14091606
2371434
2107897
1355719
-13302671
436571
15528431
-12815065
4760556
-1781783
11940421
-224635
4937721
4448865
5320008
-13361729
3924145
12273176
11457105
9831611
2352131
2019213
11864796
-5482711
619868
3511979
14554059
-1957883
-11714931
1383626
6193852
-11976756
-12659723
-7316683
1034337
15161324
-9445119
-3715259
173178
-2640212
1832833
-6066145
-7454872
9430320
7793494
5305729
10072994
-4867669
5978080
-13728902
7918670
-1391497
11239318
8273338
-2693711
-14215745
-13983162
15440394
8397074
-13250107
-13166919
11217313
8288797
13485125
1523862
14041510
-6550954
11181154
11245407
4305769
-7494270
-13824323
-17725
12927372
7968028
8470400
11448797
-8219543
14917813
-9351215
6481837
-10482507
2454860
-14887078
11378300
-2106537
-8884192
1754705
-6607587
-15155347
-15252418
4500281
10706862
-9887549
5733168
3299522
4441572
-6058593
2958152
-2093987
-8501307
11597032
14529714
-552696
-3064653
7291722
-14640368
-6312923
7039704
10803275
-6012751
13421202
-10570843
3024677
445617
14387739
-6712366
9283705
-1684500
4388106
13579379
-13358763
-11241010
6212465
-11797743
5966122
3386569
-9140654
-7383206
-13596792
10529767
5132853
-421635
-2074625
10555661
9733276
-9102807
-1152529
1071813
3329225
8055035
-4845367
-9389435
2466207
-9083821
-3256021
-1886279
10757074
-13628020
8202986
14912414
-15070642
-7602318
11436241
12440534
-14169330
-4690682
10049645
-7011441
6600257
-9611572
-14548579
15276228
-12485471
10176003
-13462381
7548289
3498132
-12645070
15513421
4795402
1806309
-3874613
-14925359
9776138
-1402358
3986040
13378877
-8154839
-12859546
14817480
2775522
13985117
1005411
13631639
1944189
12688784
11654356
10511041
11213657
10350403
-4671887
7654290
-8742821
-13702739
-8931472
7942999
10522062
-13668415
-6103363
-3759203
-15118538
2038415
-3854309
9016274
-527487
8663434
11847642
-4116100
4284774
10005159
-10503150
-2313053
-7170573
12078885
-4099148
7611972
6182491
10625231
4529315
-9960279
7763248
247678
551081
6282452
-5812865
4804421
3306425
10603673
-4185356
4814747
-10231346
-14040095
9324336
-3680230
5603981
6668405
5301754
-4197502
-2092719
3218513
12518776
7812892
-5005457
-14910775
14973627
-5985790
-3998176
-4614454
3879207
1996958
6333805
8110363
5645367
-10130140
-11282932
13764887
-868917
4644344
-545028
-4995225
8442872
-9554246
8435399
-9360736
1743386
-1006866
-2455919
-667562
-3877384
-13115590
3419135
-7908729
-11448566
-8776702
-7447145
1597580
-3694279
-15455027
14697102
7362591
-8563265
10552492
-10682693
-11297562
-1681267
-314842
-12218853
-8571949
-14011371
3352420
-7391873
14261784
6263529
-7406653
-6415389
466423
-9663445
-1528592
-1299425
-9628757
13836276
9507627
-15237515
-703823
-9896689
5460471
-11287430
11129897
4636768
14377910
-3748402
549344
2053160
11585269
-197073
3494388
5333790
-11202187
-10698964
15177551
3936216
-13640670
-14031894
-6275995
-5838566
10927349
-5641210
-3117963
4688705
1491229
6922197
-9628675
-1308315
1229000
9211079
-9695217
-4700337
15026244
-1364904
2335846
7233504
15181184
9128652
14725020
-8861004
-4324740
-4677113
12170766
1332773
-11760544
6475364
12731561
4037058
1274431
-6122012
8166357
2713826
-3906691
-8431415
837887
-12524033
5334343
-12178630
4341640
8282459
-13434922
-7671985
9889573
-8504812
-5063326
15369900
7740824
-4632721
6233725
-9605010
-13498359
4255400
5732241
12203483
-14675789
-3696577
9349762
276440
5627446
-15119647
-13952266
-7232921
5212423
14065292
-14835440
-12914858
-13606846
-5335481
3767417
14568303
-4523795
-15584718
-3872750
6681084
15162249
-1912751
-9734622
3906779
-10089795
9540719
11200735
425102
3672442
9213721
-13056153
9360258
12168211
-1218557
11950158
-6190685
9288756
-11367816
12200796
-8801052
-15150544
9812286
14315340
-14511668
6500842
-5915277
8983045
11706348
3875009
-9763518
-2400891
-771584
-11010530
5303372
-9605429
-4278638
-1310702
-1079692
-1017339
10099076
13289889
-9837068
-1579597
3653900
1489733
-15416918
-9527978
7943218
-7001681
-7681193
6657928
-2330056
-4353054
-6897458
-5318299
-6063944
2652430
14931474
-13039412
-14135122
6377083
1538190
-11480048
-5412044
-14748543
11860286
8984080
9836758
-7749874
-7237739
5278719
-1831754
10525716
15104128
6047695
-1699623
6530245
-13278359
-4997024
-13753354
7390406
8362789
2716574
2295368
7723520
-15297517
10560837
7182154
5077731
-9762799
7344333
3814748
-13022047
-11492072
14181729
14936952
11235279
-5946377
9920376
-12384576
-6751714
-11651856
-616772
14426893
-7770650
-13286650
14688977
7191737
15238825
-9172779
-11970857
-676474
-13262574
-1168948
-6463128
-11041965
-4629703
-7541075
-6833736
-7380862
402202
12538779
12813063
11302354
7689272
-8176441
4124034
3658864
-730803
9098245
579996
14535054
-9205203
-9029424
-12824211
10353839
-5082201
10182659
-10314665
-1142823
-3749706
-10556042
-7821417
742841
13671595
-9909528
-4976984
4956063
-725178
-6457243
1381889
-2554142
-14931861
-6865613
-4657592
2363983
-12399974
2384134
-7672763
1769322
-7220451
-5827990
-9056921
188569
9958581
2307574
-2525988
13226682
-15197711
-7282224
-3627663
1655721
12613507
-15482202
3540826
7745111
-8908111
6406772
-5724640
-12863252
-14797822
-943240
-6180030
15531959
12301816
-9136683
-1476361
1554727
4298569
-2144268
-12895094
9763761
9560335
14642096
-14205924
-982348
7851075
10668230
-5580641
10266017
3319426
-4435874
-4492398
-14784129
11824515
9011909
8929399
-13552640
-3078541
4404649
13052392
14361050
-14501887
-5140955
-4410996
-487338
12715426
1074698
-8362919
-5541723
6478133
-12694281
8832969
-10455914
8270108
-2944135
-14470680
13684405
-15585442
-10985715
3545492
-11414024
14562131
8956257
1209106
13869749
3171083
12741365
-9129801
-9481011
-14720525
6207275
-6305999
-13664715
12115110
6614957
-8438939
6256251
9483472
-813921
9692638
-3523488
11001777
-11377338
-13885908
-8033969
-6307455
-2565140
-2598558
11606903
11278886
-3419130
11034389
8089340
-3541581
6518044
-727135
-13204077
11148923
9119270
4257355
3554542
8225500
10811091
-7863034
4899007
-1090189
-12122000
4881849
-12601635
14562378
-9269065
6668132
-14061070
11015089
-9928565
5805386
7552327
-6586386
2611431
3559955
12492603
12694241
1913887
11821268
6904702
241873
15012848
11196180
-2111507
-6395591
-2667159
7350990
12271031
12264671
729993
-4658218
6344622
12098553
11359541
-2185090
2403895
-4126932
6599346
4464934
9450003
-3414227
7792876
4658707
4702570
-5374433
9109924
-11960509
-9264493
3471731
-10330173
6890071
9649435
11791127
7604828
-4444363
12638377
11059594
-10821124
-9362024
12183162
2567709
12374458
2784039
-6652373
6210109
-3205355
-13766035
-7368914
-8122786
-9418828
11861136
8621760
-14013306
10251971
-12733896
-12603881
13421871
-2847480
5890919
14821099
-3615528
2140980
-10579602
12458203
8623235
-6236369
-8374564
11586048
-8220554
7066040
7475570
6915040
-11588776
7358319
-10595781
11600367
4548900
-2394555
-6114627
5462696
-263313
-303410
1501877
9646085
10318071
-645975
-5721843
-1168314
9709524
-14007977
3735975
-3459708
-14508172
7453490
-5793086
-6834227
7126743
-13803139
-2340679
-6423590
4897627
309615
15204265
1603484
14757438
9418102
-615433
12014392
-12118599
-2855041
-11867412
14332743
2421807
-5156125
-9612079
9592827
-7103518
14476989
-8315277
1602197
-6764897
11834712
12928114
-2878928
10877266
4434895
10221291
-203368
-7864389
4661028
-6955264
9947488
-12625009
4682750
-4146842
-3570615
-7549053
188177
-14880377
-619052
10517047
1994012
7989868
-10155439
3593353
5251203
9191688
-3735941
14421753
-6649670
3513819
12491948
-2091006
14253159
1247321
-12717618
8875156
2356106
5558915
12356918
-11150433
2760440
-14326945
-6439861
284305
11956559
3181367
-9087668
-7131093
-7409009
8346005
-10298909
11124168
-5562299
9811547
1330718
-4219311
-9627340
-13490124
1488020
6185094
-238589
-14161965
-14132062
11354229
-8564137
-8452722
-9253127
8773827
-12044100
3335654
12463217
-10316269
-6824603
10750816
-12858900
-3741106
-14206338
1791704
12733798
4262172
-10791528
14049755
-15295351
5224681
-13485767
5126087
9556609
5592762
14737351
6026717
10859787
-12070981
-5764659
-4397974
-10840132
2876045
-4188701
12280467
-10942180
-14772059
4954285
15260686
-7119467
-6086846
-12816099
1959666
-15395950
-5394961
8790002
2517167
7029829
3291252
-14212020
-14515114
15291398
10275783
-9005691
-6430283
-1966974
5514315
-14088323
-7927187
10168299
-951052
10182803
9474157
-3668128
9830937
-12896239
13705618
1881196
9761122
11606537
8265517
-3246808
5580302
-3563494
2091479
-1784325
13170555
-13487412
-11103131
-690515
1075399
-13260491
9096412
-3541280
12390339
-12130773
-9113357
-5484322
7841282
-12294812
-4373607
7653119
2037696
1558570
3075272
7064017
4010303
-8893535
-11444826
6867519
9377449
7647590
-13913228
-9297527
-9049234
11417836
-15419527
-1636828
-10331590
10757729
13623338
2275482
-11685512
8599688
4785143
14294225
14102434
3837772
-6464227
8167816
-11379722
-9718256
-2721645
10668179
4464762
-1311981
-2918829
7759229
-4457577
-12581610
-10171843
-13937135
4876842
-10480089
10563628
-7085715
-610305
1059461
-4292320
-13102305
-12661305
9037128
7724847
-7931857
9706783
-9129690
-12637942
-1947197
-872472
4815471
-10018335
12180906
10237177
-1225422
10096885
4651852
-9222320
-5311188
-6297124
-1910609
2955893
-12659305
7335117
1948762
12490067
1306148
-10029118
-15150257
697404
-138466
15291518
-13958912
-3618919
14928837
4307555
6058586
13603161
-7313982
9347471
-6692257
-15519300
-5360262
2988766
7004897
-7840321
1117385
-8645357
163816
11636686
11416005
-15446392
7017065
12949081
-7047244
3752047
-6676738
3518778
9236531
-4487639
-9136836
-695993
8110615
1959021
13164565
12857104
1195876
2115041
-5713442
8439558
12585590
2712725
-8839992
-5445322
15309825
-811388
-8333613
7630749
-12862416
12472755
-8365309
11201995
4996564
-14019255
-883851
-10259181
-9310889
7300718
1745978
5508902
-14914170
-10726097
-6274497
-15277069
11415489
11650989
-6062481
-4088138
-8644793
-11309885
-15528134
-9420246
-9986074
-10177368
9339377
-10765188
-15619560
3574485
-8737296
37546
-6611441
-8627042
15472739
-7374588
-5237161
-11166757
-13742605
-1948789
-13945775
7933601
4845284
-9744005
-12118019
-6514989
-10414048
-6811724
-4318497
-14640111
-87066
5569832
-9578806
9159183
-4845607
14134643
-693922
-14099809
10115691
-7759189
14376610
9777474
1985565
7613201
-1819483
15480904
587594
6425859
5718340
14527454
-5820239
-37531
2060497
-2644460
-14833447
-11344368
12451905
5737631
866137
-13497076
3007709
-1701115
11373901
-6215625
-9946568
-5643902
-15350465
-4118397
14411949
3549419
-13796448
9580870
-2995697
2438512
-1708742
6041053
2432432
-3112392
6254802
8663161
-11466022
-6141426
14476688
9681767
13156223
-6182417
7323663
7284036
11607021
-10214591
10164238
14098831
-14384004
2129290
-255066
-12283238
-13841886
-13084789
-10365175
13271548
4764438
-2685377
-8736089
8197307
-2984646
-4913082
10511801
-15195265
-15144982
4445189
9331442
15458978
-7637611
11575651
-4975432
-2359368
3317386
-13239059
-15034789
-7992361
-10171992
-502720
9108400
-10718996
14137755
-7894012
-3320677
-3143514
-8624428
8082730
-11048535
-9283
12140936
14145856
2825138
6776606
-13638712
-3039645
6380457
13712441
479538
-2160698
-12790632
10419550
-12063735
10815459
9950440
12741251
15078090
-14977925
-13000697
-5507706
6448908
-6148317
-6613460
-10314009
-1053735
-514121
12386036
-10697118
15093101
4653260
12155472
-14121207
-14169200
-13561194
2020623
14515539
9848114
8804480
15509265
-6914519
-6982591
10400188
-3090808
-9466237
12759589
2981231
-107191
-4436703
-3272009
-977964
5645867
-6925865
-11959834
2652621
11524230
15440937
4185122
12972675
-15165036
8227842
-1979292
11015158
-8387132
-8082531
6545581
10838714
7752711
-2170450
-14325668
11720451
-12709626
12387112
-4551047
4025387
10181890
8168445
10155402
-14468508
-6223971
5809994
9451537
-2601323
796039
3645468
14364159
-10596391
13625399
-14319173
-1433782
15342331
9596074
12031816
-9729268
-1071512
-9269434
-994867
10861479
10311878
13280291
-15256661
-11260220
-9232353
-1087695
-12487753
-4054743
-10567551
1882950
9784254
-11007008
-2798128
592993
-9815818
4056497
-943065
-5352063
15284088
2473226
-7057709
8685159
-15066068
-3803490
-383517
-3967835
-2600240
11494631
13006954
1057971
-12424058
-7400505
7023593
-3945535
15035255
3641142
7508569
14100627
-1948161
-1889628
-1406926
-10544261
-13934545
7638219
12841970
-13371726
-7411928
-11897021
-14642740
12698345
132910
8489099
-10077662
-6942235
5279168
11448607
-7989221
13427302
-13750828
1665367
10491621
-2598128
-10113346
-9786358
-7842934
11580245
10328920
-10442082
11868708
-3326073
7304443
-8999536
2831158
-1374811
1492269
-9945529
8614842
14686316
-2563650
-4580617
-7319941
-5737492
-5571309
14208118
-1467304
-11295868
-6354750
5815917
-3787700
-2075851
4660103
-12843091
-4152160
-8660739
5806830
-14485338
15346530
5059127
-10014159
12860074
-13500641
320581
-12531393
9626597
-6907433
-1242132
12890636
11274335
-6046550
7292582
10297721
9710395
-1868029
7069597
-3175978
6155066
13134258
4411265
-13011546
10771483
11696158
-9407340
-459167
15204279
7240750
-5210834
10238941
4709783
-13084776
5480423
2264758
1504664
-4481974
-12302973
15511510
11027337
3523050
9153613
-3952785
-15579746
-820468
15283984
-9210363
-2336593
6139559
13471143
227783
-1166500
15437037
-12021553
9508599
4470188
-5430075
-6108798
-12236606
14999848
2025216
-11801455
10343571
-921168
2831406
10166600
-116983
-15687
-12066316
-13857557
-10520431
7727984
12747630
1736814
-4907100
-7355455
-15486025
-4226287
-7861033
-910887
-8532688
-2611198
12065944
-14262539
-2017880
-9577232
9566796
-3910781
12019468
9949294
-6363874
-837710
-11002670
-11404136
-7489613
13339675
-10923059
-5185211
10091979
12811753
-11522940
1714357
14917108
-4022418
14544567
14517935
-8393702
-10346223
-6773909
-9608588
-1470632
-10778528
4865973
12099533
4518765
1724292
-9039102
-4628641
-11056755
-2749172
-1644389
10180222
7257215
10851496
5202328
-12026045
-12670036
12693643
7201556
4555352
7183777
10576647
-9866578
45606
-4143214
5134381
-13920989
-13432574
7101940
-5753002
-8427089
-11142311
-13935881
-11247519
4244835
6978874
15256268
15171850
6268909
-2315306
13285212
7741274
2056406
3518748
8104817
-2755859
9125253
13860583
-9237580
-9064565
963713
15160165
3875103
15326699
12884774
11303129
3686343
-13050713
9154970
-9034010
-1310926
-344457
-8448517
-4830532
-13836276
-12841587
3709895
1364054
6448372
8942630
15572256
-598370
1901526
-2571221
-8982884
-5087662
-10440524
15005942
-819120
-11689652
-726531
-5112326
7940337
-5650572
-14425645
3154163
-7048577
-11904260
-8337720
277225
-6882256
-2663923
-7906929
-12909521
-9446646
-9345156
11442318
-943958
15139306
3878215
-9007931
7070700
6296480
3395327
2743427
13766556
-1537585
-1979234
2287234
-14957208
-9247043
6989606
-8085740
-2613568
-8916349
-3469376
7980417
-4896023
1061802
-157634
5489976
3913747
15494467
6935564
-2931210
9965511
-5700877
-13878692
-3857248
-13446300
1885224
14317483
4493935
7862771
7682153
1363754
-5790915
12124187
-7839923
-10616145
-3106713
377689
-1157857
10463091
-10787559
8040405
-1510434
2217899
13646742
-13749461
-6710840
-6986909
10371926
5843245
11614960
328859
-11735467
-13223957
8869547
-9246595
10812912
3035848
1010543
-587556
13273869
2485256
-830625
-3686871
-5491015
-1580534
2827212
7732778
6631971
-3017562
-2447382
5467211
4575597
9958552
-10603791
-29357
-13610785
-1806105
-14646540
-10620237
7387186
-4258768
-6296784
399802
-11672528
871564
-5979060
-712036
-12205839
-9760972
9523461
12585519
-13908877
10847797
-12538042
-805318
9455590
-13758656
8568776
-10691125
-5519166
-15324712
5411638
-13208161
-4922045
-6427262
13977712
4258539
2267506
-6730532
-15233212
14125674
-2717889
-7151328
4447031
3041809
3208298
7297443
-14564826
2363318
5373381
9538011
7593749
6518521
-8676810
6610100
13644956
-981270
7425656
2152649
5761195
-14033202
3753905
-8845021
6880203
6993970
-10430963
11536034
-815443
13514005
-10335538
-6455387
-7391129
6447220
-12987222
12773625
-3114962
7408960
-3874360
-11777372
-9954586
-11974314
-11757140
-10271992
8107601
-8630926
9712261
12080954
-10099072
2960720
-14991816
3915033
-12574434
-12869166
10265788
9571157
4945447
-1912517
6016282
-11280622
-946910
-1765943
5615402
14588733
13118511
13415719
-10623584
-6862882
-10620573
14665358
12627458
15048854
5848107
-12499314
5772135
-1358397
-9001620
-2256827
11414825
8789768
-12599647
2189954
-665178
13286049
-6361782
11004034
1707010
3343396
-2339771
15511899
-15357547
-15494721
1322255
453859
4376475
-4842175
14056578
15001936
4539915
5904542
-10438501
5898834
14179145
666241
-4927356
3466396
4903111
-9902841
-11603427
3350809
7312788
-14585048
7467969
-5710309
-9993858
-3993863
10535350
13071207
6705733
-14564120
6180839
9398387
13764558
8647304
5815731
-11116946
-4346874
-3581556
-11341823
-6723400
-9994568
-10736068
-726241
-14776219
-9717256
-10524141
-2253334
14121475
-2456123
8419728
10066076
-6682408
-11128357
3709611
13070584
3045756
3375851
-7481251
-5456349
-12715976
-3312335
-10984866
-8211028
3288176
6814941
14208381
2123314
11819215
-9567942
11194933
4965546
-5920007
-12301955
-4353567
-3182378
10921016
-802943
-10971205
-7730541
3927103
381998
-1413567
7994928
14765546
-9130570
11941782
-6055081
15081639
7258227
14416123
-7806765
-14818011
13979031
-3473397
11570577
4348925
-3093719
-10668390
-12477386
-12787483
-6561825
6591708
4896869
13477247
2003174
13865400
-4454827
4360491
-10601214
-12257475
9018448
-2567905
6044435
-10240533
-11192992
-2026630
-912758
-10374329
15526181
15286587
7745073
-7438377
10906262
-3445627
1127222
15342241
-8856657
-6575670
7271079
11183751
-3260090
2543978
-11466942
-11639301
-660794
-10695052
1048076
-4138290
-10883119
-4590029
6411780
5975352
13716630
-5405508
2473191
1729631
-1769203
-3931861
5277254
13743278
-13511839
-8587785
10580160
5843784
-4867517
15220391
-11925043
9395245
-1582145
14185213
-7151750
-6693270
-14344572
909625
-9579034
-1020285
5317074
-12627023
4124864
-5314695
-6147453
13114104
-13272320
1781618
9447141
-15600872
-14773124
-5739119
10245990
1724316
-10454602
-582274
-11188757
8921873
11880465
-7061738
1870591
-7608539
11355729
14792853
-2499230
-6569882
-2883199
10019204
-13465168
3111280
-3557535
5674284
9720805
4965294
10332686
-1615215
-7034852
-600792
-1340531
6148975
-8836300
-4807704
9414455
-14062569
4228958
-9945963
-5651507
4476890
5808571
-11424691
10835467
6836780
-5116437
1924130
-1827338
6353998
-2049293
8392045
-6859120
6999383
14092734
12067651
-7330606
13659990
-4350324
-10964736
12427943
5972990
-4899053
15169589
5085522
15235506
6262202
-9218804
-1879108
9277810
15441424
2979898
2609777
11067595
-9464069
9318150
-11196452
-12143329
10685629
-7972455
-10345475
-5538151
-15310288
14580480
-14979172
12508146
8661743
-3983234
-7908
9738215
-13865135
-4073535
8694123
2369484
-8297750
13352769
-5306169
-8291333
5346090
-847296
-12120255
-4969507
10580705
-9929336
-4651682
13597924
-9438430
14435673
-8799057
-2798994
7781621
-8826993
10034307
987702
6621132
10292066
8007068
-9268587
1072978
-12453505
4348893
13088406
4378073
8995906
8727433
-14396023
7239663
-13654716
11862055
4074949
12753535
-5259754
-10690771
-13765686
-10433832
-14065448
13154045
4750908
-7884322
9162565
-3576105
7091998
-3867288
-12731807
7890202
1963099
-14016838
-5943197
-2435598
11374134
-4741083
-8874445
10301922
4539167
387985
-6827999
6950272
8560287
-11129558
14765305
-5303428
-6949912
-5596515
1766474
-10741103
2341178
-2323574
-13716399
12875811
12813570
-385637
6061454
15486438
14431406
643139
-10140775
-9713934
8444846
-983879
-14997903
1134448
-8151801
11196921
6368316
-2992922
-9398791
-9175176
11770935
-10873673
-7419463
6828300
14955243
8881965
5966287
-11720550
-1940344
8086607
-6201117
-6864998
-15603912
-8931047
14086361
4986495
-1637362
6818945
-15227323
14769800
4996203
9609081
-8380278
-7334370
-432896
-7082259
-6824944
4614221
-4158288
5527349
-1683438
-11838421
7255406
15258826
13443774
-6076141
-13121920
2896967
-2777378
10378930
-284822
-282262
10207348
-12099232
4241686
8852335
11925165
14375507
5764289
2846146
12909091
7426515
-6068336
-8943520
11218776
-1004186
-7586595
5306123
12231277
9851808
12187342
-938357
11373842
11687052
-12822420
12513501
-11663900
3320395
3340008
3854818
-2631417
-14514784
9766491
3614426
-354689
-11450732
8106991
8142798
-14910643
-4890215
-5199692
-8468231
-6307305
9460480
-10666223
2096853
11454455
-4980012
-12684238
5655512
14375444
-13563363
-1391364
-8746463
-4596671
-5966400
3626672
4396700
11283455
5091598
351159
-12738196
1773080
-2333486
-14152754
1302915
-9173062
-7458690
-7093352
-3423349
8539487
-10497765
-6803638
4330121
11565861
9489181
-15287567
-3759382
-11912786
2029708
11998233
-1265447
11627494
13604325
-13287364
5045477
-586530
5175383
-7522766
7760764
4958720
-1298487
-626347
2085462
-9964451
5321631
6098608
2916023
-7427842
12481507
3194841
1060181
14447788
5530434
6968600
-15024005
-11780886
-5125330
-11449102
-1009554
-5875643
15130723
8108348
-12112888
-5134335
6234037
-14704845
749225
4400421
11837871
-5993135
-2782846
3098255
-42357
14544692
9575733
9597779
-8287482
6143567
10466768
5232414
-10726130
-591351
-4597631
10519918
2996831
-363607
-7968093
15150870
7482480
10682936
-12419108
-3611679
-2427022
10496243
-3605428
10570444
3213152
7074597
4304410
-11987270
-14744763
-9184169
4921108
4492739
-13532386
-9736290
4528332
-9720886
14524713
-15426940
6690765
-4404646
520334
-2702130
-12424220
-12448821
14266164
-2473857
-12966248
-12924377
12178638
2539270
14122124
-9352222
5359100
-14703430
3715167
2527400
11857896
-2475311
6176940
10736964
11704695
-2214209
5077040
11299404
-11190476
-12125011
-14473851
6810368
9077805
13295787
-14996962
-14372248
4700953
-14220995
1297694
-6180594
909629
-8851767
4130418
-5487847
-10718768
-8564866
-1508005
-11766108
-4101381
10558652
6174997
-4009571
1027564
-14922484
3839202
1616392
5909064
-1733391
-6056264
-11177572
-6615810
11867560
15361449
4542316
-8808678
292890
-11788144
-7848206
-10690935
-14556197
8162831
10298136
-4174422
-1715067
-1909949
11451943
4540305
2105019
2934238
-3610108
5496612
13844736
1134303
4529194
-13201148
13073849
7572216
8889614
2684822
6282435
-3642178
15198333
3978281
-13256521
-12305932
-5594440
15074102
-7830234
888601
-8100043
2401842
5664016
7285667
10597301
5101932
14181082
-683485
-8374691
-6301752
-2028737
2056712
-2156264
-667375
-7766728
-12986114
-6368489
-14640674
6083033
6481597
4250212
-8022153
-14703950
-12627008
-11577571
1511142
-31143
5853881
1062294
-7516710
-12701800
-4899142
-3987376
-9930924
10604338
11093432
-15621882
8657265
13357587
-12462236
-7461140
-11900231
-4372777
-1165231
-11470809
4602172
12920600
-1405151
-15555341
13909807
11641049
15453807
2566689
9095740
9334167
-4185456
8614134
-11035550
-6019556
12937945
928751
-11486766
-5496931
3969493
-10291807
3553569
1123528
10581885
-9929905
-10014755
5600299
13992223
-10751750
12985349
-4024994
-7625610
-10761287
-14466171
-10541014
-5732235
2476558
-3757549
10571294
-497903
11760039
-9087591
10490693
5265857
-11079140
-11643180
4976852
-2204939
9328859
6344726
4350168
-8018340
7689113
-3633446
-10314441
4349554
-15612154
-1656261
12193485
6607206
-3361258
404218
11357272
-5286658
-7524393
5727461
-11906547
2999091
-6056835
5706204
-8948035
-7693097
-10400855
-13385306
9572952
-11809944
13677555
-7677510
-5737884
8088593
3057121
-5886289
5791150
11395571
-13356118
-7549630
8273303
82400
-4717351
6888503
4101590
15215363
8845526
-8168365
4978601
7846280
-6132200
-11462597
-9373945
10840580
5433242
-11427177
-1561049
15208324
3468204
11669137
-13552890
-2124800
13569681
1110182
-2765640
-636948
4389744
4086395
2254163
13143680
-11753490
8053967
-10059744
9178324
6352999
-8857994
7382509
1891605
9640343
6833650
-14524710
9839245
8643009
-6944362
-11771139
15293824
-6180123
-8319153
4166912
-3533459
-192629
-4502490
2063287
185512
13090409
6029789
-10642076
10746634
-15402659
-8857405
-8490388
11544313
13335211
-15591609
-12236547
14601094
12803225
14298388
6937291
-7802860
-12872346
-3412490
260324
3610620
1427108
1689999
-8959266
9946683
-7350953
15504418
5234115
10353522
-7730755
10368957
-15596444
10642474
-9099027
13348064
3242445
-11398074
-7795680
-8236796
11891154
-13206226
-8670017
-5979788
4488606
11463293
-9993820
3627252
-14642459
11810701
15288356
3253843
-2931692
3274882
-10963423
14986693
2978477
-5623651
11673157
12219801
1720070
5271992
-3323643
10797190
10648185
8198922
-10995542
-4547970
8095122
9899102
-7427373
3604830
-1604750
-3279280
-10484341
2663999
4002417
3487807
14757818
-12200461
-685066
14222771
3732078
14294951
-4210670
10624363
-13668185
-13872354
7919025
5037699
-7964296
9215104
-7364404
-108042
11575533
-2647358
-1291024
7536395
9667361
-4282087
10162864
-6175362
-10751739
-12554501
7390219
-7886827
1404948
12470163
-2607450
-11428000
25210
1089205
-14774711
-8361050
13645349
12394298
-2898184
10469623
-6703052
3123526
-9203401
-6252592
10910830
4158760
967320
-7690694
-12052579
3432970
4549198
-8575351
1952996
-6940112
-13624335
10666634
1500515
-9222971
4602032
1083093
-8615780
3611951
-4675886
-8678326
234871
4621112
14129969
-10560165
-5919038
1448356
8512445
-3594147
-9003902
-8870453
-965326
1432373
5893243
9067116
-10738170
10734556
4874886
3071683
-7948205
-4523472
-15121317
14120486
11955795
10834659
-7887645
-1574561
13565932
4559567
5865909
-2070361
-1049894
14952850
10370375
15411827
5438921
-13169762
12705961
1866534
-5018417
12478825
-1140431
-2476400
-9953992
-2457301
138278
13685442
10677522
2042043
292304
-14651216
2746135
8248355
-13463633
-13709339
10640210
-3776642
6207982
8541756
-5328620
-4075206
-190333
5360185
9892071
-10888580
241097
-587843
9313270
2620742
-12558447
11408529
-14906992
-15128848
-13241548
3657958
2308041
-11411846
-10928819
4408532
3365899
14488345
5774031
4209174
-9644115
5283373
-3595789
-7787482
-1320534
-2491420
5867459
4257825
-401630
-770874
6705315
-9768716
-3787734
14410558
-6824124
-13296624
7974971
-8804688
-9124129
12223919
-14811290
-9592017
10576074
-8716666
7297565
-11485569
-172960
-11558526
1804976
-12306293
821557
-12962400
7084533
7381628
10648158
-8312356
-10817704
-3197981
-7352796
-10616296
6746061
-13011877
9152760
1242943
10698702
-11084028
-11026621
-4069372
8549588
-7231744
9737876
171706
326437
-3329669
4727404
829008
7599907
14269401
-12942812
-1049227
-541930
6304559
-14682198
4450218
1308680
14577302
6274417
-12385438
14426742
-5634266
7485328
1379771
-13285959
14379606
11678459
-11059679
-7774178
-2428740
1149448
5833408
-11753848
7629412
-10650519
-318622
10990935
-10357292
7885486
-4464412
4141179
5654864
10429170
8994349
-11557807
-100244
-2345948
-11562761
3378525
7798340
-15381129
11150205
9753152
-7186824
14976344
12380948
-14646642
-13577528
857036
-5763426
14273710
7232443
-4268223
8273430
-7869692
-9162259
-3331772
7368320
12849244
12254608
5504365
-8805913
-4993663
13597562
-12270383
-6917368
-6691071
-8680787
7850399
15086226
-6894581
-4953125
387538
-8915704
3899716
-5684710
-12824982
-4705163
-6425971
6959934
2590070
-6662406
-10687974
15039184
13312621
-5352103
-10846496
-14394108
49602
-13288620
-7411308
12163690
-3179137
-9130080
3412562
-89571
-1398197
-7651163
-13712602
-1959834
1242392
15167497
-14643938
-7055930
12703485
-13455284
773353
-14373236
-15255023
13014180
-15185397
7507571
-756507
4881027
-14971320
11718209
-4403488
-11395674
-7207846
-6523233
-13980574
-3886559
-8130923
-10758656
-3313782
3563488
2039240
-15035954
-1201703
12790215
4320340
-9581827
-386975
-1087256
-14675146
-14906801
-9087433
-6381764
10383743
4612651
14909854
9217009
13328717
-11124085
-310802
8050574
6497975
13910721
-5186816
4751495
-11944893
-8861529
5211706
6852681
-2851171
348936
-9352151
8384047
14358861
9659838
83555
15272644
-14354769
-1725048
-9268778
4719453
-14594882
-9350502
9974558
-13711851
-2864807
-6136995
-6440603
9541939
4074745
-7718314
-2228697
-7878426
6969664
11809365
10205771
2371137
14542199
-7812524
-4930184
-8470012
1449297
9303040
-2218771
-643119
1516104
-2676751
1458417
-288341
13974903
3180822
8672249
7389092
6269938
11486142
10544772
-723214
10557601
-13317417
-7890219
-1886694
10792943
-10172357
996780
-11251201
-14157806
6905595
3458696
-3734952
9715926
13599595
-4658177
9868798
-2091012
-5544453
-9456253
-10053335
-13090980
13017516
-14660276
-12514254
-3003777
8507109
12545546
12769202
7491501
-6758361
15090436
-12315514
-12938426
2706852
-9172970
-3541199
-12405892
-10502539
-8765600
-2378251
-5654444
-470867
2746132
15436541
-10140951
7574979
-11900343
7028607
-1397058
-9930653
528363
9705245
-1049633
13395162
9462454
1865080
5365958
-9751269
-12270104
79808
8464706
12512154
2193267
6889831
-4992340
-3889925
-12061248
-2740410
15131773
-5054793
-13514651
-11289003
1336688
-1856224
9342028
4560673
-2932031
8665055
-8780170
4451730
14201630
14871450
849582
10243957
266014
-5168760
13623139
-2423965
6576539
2709887
-6247353
3291682
-9130919
-3310648
-9745341
11400301
8981455
11367322
5590037
-7436635
-15174469
11524553
-209569
3428998
3049853
-3370169
-10766336
11378783
2474270
5754241
-13438483
-8347312
-5862171
-10873216
-15205758
7136155
5446982
12567191
-11353239
-13624774
-5448167
10914236
-9907973
11660143
6689691
-7412103
-14246351
-10043308
1700127
-5884415
3019074
-6001565
-9677536
5870468
-8790170
-12326372
-15315203
-9643538
-2275338
4745627
-2420948
-3960726
1346606
15373522
13263583
8313691
-3496305
10104336
-207105
3909238
-507713
-5218616
-12450635
12606906
-13523466
8068206
4672742
13008454
5403540
-4385361
5936710
1825300
2706450
13972262
8638245
-12687734
6344429
13777974
15242714
-12060703
3941644
-3223298
-10572791
-14629207
2029474
-2843359
-1647138
1502477
-8281854
864776
-8613091
3936254
10807038
4963903
4624213
-14203567
-6585381
2024864
-11154657
3055150
-14717800
-1574674
4385779
-9382081
14408205
-14605013
-11987803
-11576247
-10641491
-3956535
7172266
15042295
5771781
4713280
-1681062
-13822151
13112707
-10297598
7326870
7150427
11195316
5715286
10137537
5833928
-13777815
-6225715
3782485
-8798143
6648088
-3932490
2976607
-5041375
-12732954
-7582628
2197346
-8762062
14212432
-12878496
-11535384
15211511
-9765951
3717754
-3346012
-11581072
4429784
-11577991
2026305
-12473866
-6306250
13598693
-2617862
-10986884
-1507496
-3621354
553266
7745508
11693390
11996714
-9494618
2289733
-1702434
2981009
-8617430
-3483524
-14077109
-2688436
5622545
-1352491
6209919
-4768560
1945710
15398595
12328650
1547231
15514423
11836809
9719545
864735
-13614934
-12692844
-14471952
-8868309
-8958446
14536463
-6605650
-5125027
6837560
2282470
-7365457
-11459846
6936445
10648931
14109627
-3716086
-8568878
-9412153
6175982
1761902
6174333
7995101
14237690
1784794
8962247
12541567
-14009139
-4631326
7572366
4789059
5924180
11449808
1391638
13093564
6288302
-2955124
3302153
728837
1411234
8811587
12668210
825090
-8870652
-2055959
9423583
-5174224
6214880
-11791631
-5403163
-10274289
-13305926
15399098
-12338937
-9466620